2 0.6782738095238096 0.13523809523809524 0.28154761904761905 0.20952380952380953
0 0.5125 0.14047619047619048 0.016666666666666666 0.06380952380952382
2 0.3958333333333333 0.2319047619047619 0.13690476190476192 0.05238095238095238
3 0.5529761904761905 0.3485714285714286 0.011904761904761904 0.022857142857142857
3 0.4574404761904762 0.3495238095238095 0.01011904761904762 0.024761904761904763
3 0.46904761904761905 0.370952380952381 0.013095238095238096 0.018095238095238095
3 0.4461309523809524 0.3719047619047619 0.01011904761904762 0.02
3 0.5607142857142857 0.3738095238095238 0.013095238095238096 0.021904761904761906
3 0.5446428571428571 0.3757142857142857 0.013095238095238096 0.021904761904761906
3 0.5532738095238096 0.3976190476190476 0.0125 0.02
3 0.4577380952380952 0.3980952380952381 0.014285714285714285 0.02857142857142857
1 0.49970238095238095 0.41619047619047617 0.14107142857142857 0.5009523809523809
3 0.5517857142857143 0.5885714285714285 0.009523809523809525 0.017142857142857144
3 0.4574404761904762 0.5923809523809523 0.01130952380952381 0.022857142857142857
3 0.44642857142857145 0.6123809523809524 0.015476190476190477 0.01904761904761905
3 0.54375 0.6142857142857143 0.0125 0.017142857142857144
3 0.4699404761904762 0.62 0.01369047619047619 0.022857142857142857
3 0.45714285714285713 0.64 0.014285714285714285 0.02095238095238095