2 0.5029296875 0.4140625 0.21875 0.13368055555555555
3 0.4521484375 0.4305555555555556 0.025390625 0.04513888888888889
3 0.43310546875 0.4704861111111111 0.0283203125 0.04513888888888889
2 0.5205078125 0.4774305555555556 0.216796875 0.1423611111111111
3 0.47216796875 0.4800347222222222 0.0244140625 0.043402777777777776
3 0.61474609375 0.4852430555555556 0.0146484375 0.022569444444444444
3 0.60888671875 0.5121527777777778 0.0166015625 0.034722222222222224
3 0.62548828125 0.5130208333333334 0.0126953125 0.026041666666666668
3 0.4521484375 0.5199652777777778 0.02734375 0.050347222222222224
2 0.63623046875 0.5277777777777778 0.0400390625 0.13194444444444445
3 0.615234375 0.5399305555555556 0.015625 0.03125
2 0.5048828125 0.5642361111111112 0.240234375 0.08333333333333333