0 0.4002604166666667 0.26990740740740743 0.024479166666666666 0.03796296296296296
0 0.48880208333333336 0.2722222222222222 0.044270833333333336 0.07962962962962963
2 0.69765625 0.39166666666666666 0.30885416666666665 0.3148148148148148
1 0.48921354166666664 0.4161111111111111 0.16666666666666666 0.2777777777777778
0 0.4036458333333333 0.4185185185185185 0.03229166666666667 0.05555555555555555
0 0.44140625 0.41898148148148145 0.0078125 0.0787037037037037
0 0.5231770833333333 0.42268518518518516 0.028645833333333332 0.041666666666666664
2 0.4703125 0.47962962962962963 0.12083333333333333 0.1388888888888889
3 0.5359375 0.4986111111111111 0.003125 0.008333333333333333
3 0.5385416666666667 0.4986111111111111 0.003125 0.006481481481481481
3 0.5041666666666667 0.5027777777777778 0.0020833333333333333 0.005555555555555556
3 0.5018229166666667 0.5032407407407408 0.0026041666666666665 0.006481481481481481
3 0.5518229166666667 0.5143518518518518 0.0036458333333333334 0.006481481481481481
3 0.5177083333333333 0.5185185185185185 0.004166666666666667 0.005555555555555556
3 0.5533854166666666 0.5199074074074074 0.0036458333333333334 0.004629629629629629
3 0.51796875 0.5231481481481481 0.0046875 0.005555555555555556
2 0.48046875 0.5625 0.0359375 0.1824074074074074