0 0.508125 0.365 0.03125 0.056666666666666664
0 0.4375 0.3875 0.03 0.055
0 0.375625 0.4075 0.02875 0.051666666666666666
2 0.515 0.42 0.0425 0.06666666666666667
0 0.76 0.42333333333333334 0.3475 0.37333333333333335
1 0.52875 0.4275 0.065 0.10833333333333334
2 0.44 0.4375 0.0375 0.055
1 0.453125 0.44583333333333336 0.06875 0.095
2 0.3775 0.4525 0.035 0.051666666666666666
1 0.389375 0.46 0.06375 0.09666666666666666
3 0.53875 0.49333333333333335 0.0175 0.02
1 0.28 0.49916666666666665 0.2075 0.235
3 0.4675 0.5075 0.015 0.018333333333333333
3 0.405 0.5175 0.0125 0.018333333333333333
2 0.568125 0.6575 0.07125 0.24833333333333332
2 0.495625 0.6583333333333333 0.06875 0.23333333333333334
2 0.435 0.6591666666666667 0.065 0.21833333333333332