0 0.33619791666666665 0.40925925925925927 0.17864583333333334 0.2851851851851852
2 0.5799479166666667 0.4097222222222222 0.030729166666666665 0.16018518518518518
2 0.6125 0.4115740740740741 0.08854166666666667 0.1824074074074074
2 0.5127604166666667 0.4236111111111111 0.019270833333333334 0.04537037037037037
3 0.45364583333333336 0.42685185185185187 0.008333333333333333 0.018518518518518517
3 0.44479166666666664 0.43333333333333335 0.009375 0.014814814814814815
0 0.5393229166666667 0.4425925925925926 0.0578125 0.046296296296296294
3 0.45859375 0.4439814814814815 0.009895833333333333 0.01574074074074074
3 0.45078125 0.45231481481481484 0.0078125 0.01574074074074074
0 0.53359375 0.49444444444444446 0.05260416666666667 0.09074074074074075
3 0.42890625 0.5120370370370371 0.0078125 0.012962962962962963
3 0.41901041666666666 0.5152777777777777 0.0067708333333333336 0.013888888888888888
3 0.4315104166666667 0.5175925925925926 0.008854166666666666 0.014814814814814815
3 0.5861979166666667 0.5263888888888889 0.0067708333333333336 0.013888888888888888
3 0.5799479166666667 0.5333333333333333 0.0067708333333333336 0.014814814814814815
2 0.64609375 0.5347222222222222 0.10885416666666667 0.05648148148148148
3 0.5911458333333334 0.5444444444444444 0.008333333333333333 0.014814814814814815
3 0.5846354166666666 0.549074074074074 0.0078125 0.014814814814814815
0 0.46953125 0.5504629629629629 0.0640625 0.11388888888888889
0 0.5236979166666667 0.6041666666666666 0.0640625 0.03981481481481482
2 0.59765625 0.6620370370370371 0.07135416666666666 0.1814814814814815
2 0.4984375 0.6652777777777777 0.059375 0.10833333333333334
2 0.55390625 0.7106481481481481 0.034895833333333334 0.20277777777777778