3 0.22675736961451248 0.37628865979381443 0.23582766439909297 0.20103092783505155
3 0.28798185941043086 0.44458762886597936 0.25396825396825395 0.2036082474226804
3 0.09297052154195011 0.4639175257731959 0.06349206349206349 0.13402061855670103
3 0.42403628117913833 0.5038659793814433 0.26303854875283444 0.20876288659793815
3 0.5351473922902494 0.7306701030927835 0.13151927437641722 0.13144329896907217
3 0.8843537414965986 0.7873711340206185 0.20408163265306123 0.2809278350515464
3 0.6870748299319728 0.8350515463917526 0.21315192743764172 0.28350515463917525
3 0.5328798185941043 0.8569587628865979 0.14058956916099774 0.1211340206185567
3 0.42970521541950113 0.9381443298969072 0.061224489795918366 0.07731958762886598
3 0.4886621315192744 0.13015463917525774 0.12018140589569161 0.14690721649484537
3 0.6281179138321995 0.211340206185567 0.12698412698412698 0.14432989690721648