3 0.228515625 0.2825520833333333 0.017578125 0.020833333333333332
3 0.19482421875 0.283203125 0.0185546875 0.01953125
3 0.291015625 0.283203125 0.015625 0.022135416666666668
3 0.32666015625 0.283203125 0.0146484375 0.01953125
3 0.12939453125 0.3118489583333333 0.0146484375 0.01953125
3 0.421875 0.314453125 0.017578125 0.01953125
3 0.38623046875 0.3151041666666667 0.0166015625 0.020833333333333332
3 0.09423828125 0.3177083333333333 0.0166015625 0.020833333333333332
3 0.12451171875 0.3567708333333333 0.0185546875 0.0234375
3 0.42138671875 0.3606770833333333 0.0166015625 0.0234375
3 0.384765625 0.361328125 0.015625 0.024739583333333332
3 0.08740234375 0.36328125 0.0166015625 0.020833333333333332
3 0.18017578125 0.3919270833333333 0.0166015625 0.026041666666666668
3 0.2177734375 0.3919270833333333 0.015625 0.026041666666666668
3 0.3212890625 0.3919270833333333 0.015625 0.026041666666666668
3 0.2841796875 0.392578125 0.017578125 0.02734375
3 0.42724609375 0.5520833333333334 0.0146484375 0.03125
3 0.38671875 0.552734375 0.015625 0.032552083333333336
3 0.46728515625 0.552734375 0.0146484375 0.02734375
3 0.5068359375 0.5533854166666666 0.015625 0.026041666666666668
3 0.60595703125 0.5983072916666666 0.0166015625 0.024739583333333332
3 0.6591796875 0.6002604166666666 0.015625 0.0234375
3 0.2060546875 0.603515625 0.017578125 0.02734375
3 0.25634765625 0.603515625 0.0166015625 0.024739583333333332
3 0.60888671875 0.6549479166666666 0.0166015625 0.028645833333333332
3 0.66455078125 0.6575520833333334 0.0166015625 0.026041666666666668
3 0.20166015625 0.66015625 0.0166015625 0.03125
3 0.2529296875 0.6627604166666666 0.017578125 0.03125
3 0.384765625 0.6998697916666666 0.017578125 0.02734375
3 0.42529296875 0.7005208333333334 0.0166015625 0.028645833333333332
3 0.4677734375 0.703125 0.017578125 0.026041666666666668
3 0.509765625 0.703125 0.017578125 0.026041666666666668