3 0.51953125 0.35555555555555557 0.0078125 0.014814814814814815
3 0.5119791666666667 0.36018518518518516 0.007291666666666667 0.014814814814814815
3 0.5067708333333333 0.3662037037037037 0.007291666666666667 0.012037037037037037
3 0.56640625 0.44166666666666665 0.021354166666666667 0.02962962962962963
1 0.5020833333333333 0.4986111111111111 0.10208333333333333 0.12685185185185185
3 0.5518229166666667 0.5199074074074074 0.008854166666666666 0.013888888888888888
3 0.5627604166666667 0.524074074074074 0.009895833333333333 0.014814814814814815
3 0.54765625 0.5375 0.008854166666666666 0.01574074074074074
3 0.5580729166666667 0.5416666666666666 0.008854166666666666 0.014814814814814815
0 0.40546875 0.5587962962962963 0.11822916666666666 0.22314814814814815
0 0.51171875 0.5634259259259259 0.030729166666666665 0.05277777777777778