2 0.66796875 0.3645833333333333 0.109375 0.2109375
0 0.72802734375 0.4765625 0.0888671875 0.044270833333333336
3 0.5927734375 0.5006510416666666 0.0078125 0.01171875
3 0.58447265625 0.5013020833333334 0.0068359375 0.010416666666666666
3 0.60205078125 0.501953125 0.0048828125 0.009114583333333334
3 0.59228515625 0.51953125 0.0087890625 0.013020833333333334
3 0.58447265625 0.53125 0.0068359375 0.010416666666666666
3 0.60205078125 0.53125 0.0087890625 0.010416666666666666
2 0.7001953125 0.5325520833333334 0.13671875 0.1953125
1 0.578125 0.5345052083333334 0.240234375 0.18359375
3 0.5927734375 0.5423177083333334 0.0078125 0.009114583333333334
3 0.59326171875 0.5618489583333334 0.0068359375 0.01171875
3 0.6025390625 0.5618489583333334 0.005859375 0.006510416666666667
3 0.58447265625 0.5625 0.0068359375 0.0078125
0 0.732421875 0.5748697916666666 0.072265625 0.055989583333333336
2 0.67041015625 0.7154947916666666 0.0693359375 0.22005208333333334