0 0.5583333333333333 0.31857142857142856 0.04404761904761905 0.07904761904761905
0 0.40714285714285714 0.3295238095238095 0.1380952380952381 0.18095238095238095
0 0.5202380952380953 0.35 0.05119047619047619 0.06380952380952382
0 0.4705357142857143 0.3757142857142857 0.033928571428571426 0.05047619047619047
2 0.6827380952380953 0.3852380952380952 0.17023809523809524 0.20285714285714285
0 0.5306547619047619 0.4138095238095238 0.048214285714285716 0.08095238095238096
0 0.5815476190476191 0.4166666666666667 0.039285714285714285 0.09619047619047619
0 0.41309523809523807 0.46523809523809523 0.039285714285714285 0.06
0 0.40133928571428573 0.4895238095238095 0.04047619047619048 0.07428571428571429
1 0.5047619047619047 0.5023809523809524 0.12738095238095237 0.19714285714285715
0 0.4726190476190476 0.520952380952381 0.05119047619047619 0.0761904761904762
0 0.41235119047619045 0.54 0.048214285714285716 0.0761904761904762
0 0.4836309523809524 0.5895238095238096 0.06488095238095239 0.07809523809523809
2 0.6574404761904762 0.6571428571428571 0.16488095238095238 0.2361904761904762
2 0.3958333333333333 0.6676190476190477 0.11071428571428571 0.1676190476190476
2 0.45595238095238094 0.8133333333333334 0.10952380952380952 0.2876190476190476