3 0.5341145833333333 0.32916666666666666 0.009895833333333333 0.01574074074074074
3 0.52265625 0.33611111111111114 0.009895833333333333 0.014814814814814815
3 0.5174479166666667 0.3421296296296296 0.008854166666666666 0.013888888888888888
3 0.5778645833333333 0.45787037037037037 0.027604166666666666 0.03796296296296296
1 0.503125 0.4935185185185185 0.12708333333333333 0.12037037037037036
3 0.5890625 0.5259259259259259 0.008333333333333333 0.014814814814814815
0 0.41458333333333336 0.5365740740740741 0.11770833333333333 0.2657407407407407
3 0.58203125 0.5398148148148149 0.008854166666666666 0.014814814814814815
3 0.5190104166666667 0.5532407407407407 0.0109375 0.021296296296296296
3 0.5328125 0.5648148148148148 0.010416666666666666 0.014814814814814815
3 0.5158854166666667 0.5717592592592593 0.009895833333333333 0.01574074074074074
3 0.5283854166666667 0.5800925925925926 0.008854166666666666 0.019444444444444445
0 0.5893229166666667 0.7138888888888889 0.1421875 0.37962962962962965