3 0.4192708333333333 0.23472222222222222 0.014583333333333334 0.026851851851851852
3 0.4395833333333333 0.23472222222222222 0.015625 0.026851851851851852
3 0.3734375 0.4425925925925926 0.05 0.06851851851851852
1 0.5354166666666667 0.5055555555555555 0.11145833333333334 0.13518518518518519
3 0.5234375 0.5277777777777778 0.01875 0.03518518518518519
0 0.6213541666666667 0.5370370370370371 0.184375 0.3962962962962963
3 0.50234375 0.5550925925925926 0.018229166666666668 0.030555555555555555
3 0.53125 0.5675925925925925 0.017708333333333333 0.02962962962962963
3 0.51015625 0.5875 0.0171875 0.03425925925925926
3 0.35598958333333336 0.6180555555555556 0.0140625 0.023148148148148147
3 0.37083333333333335 0.6370370370370371 0.013541666666666667 0.024074074074074074