0 0.8025210084033614 0.6037735849056604 0.3277310924369748 0.3490566037735849
0 0.1869747899159664 0.6084905660377359 0.18067226890756302 0.16037735849056603
1 0.40756302521008403 0.6179245283018868 0.2857142857142857 0.32075471698113206
3 0.43067226890756305 0.7334905660377359 0.0546218487394958 0.07075471698113207
3 0.36134453781512604 0.7382075471698113 0.05042016806722689 0.07075471698113207
3 0.4852941176470588 0.7476415094339622 0.037815126050420166 0.07075471698113207
3 0.40336134453781514 0.7523584905660378 0.05042016806722689 0.09905660377358491
3 0.31932773109243695 0.7594339622641509 0.05042016806722689 0.07547169811320754
3 0.453781512605042 0.7783018867924528 0.04201680672268908 0.11320754716981132
3 0.3025210084033613 0.7783018867924528 0.07563025210084033 0.11320754716981132
3 0.453781512605042 0.7830188679245284 0.04201680672268908 0.09433962264150944
3 0.4957983193277311 0.7830188679245284 0.05042016806722689 0.08490566037735849
3 0.38865546218487396 0.7900943396226415 0.046218487394957986 0.10849056603773585
2 0.453781512605042 0.8608490566037735 0.15966386554621848 0.21226415094339623
2 0.27521008403361347 0.3231132075471698 0.3403361344537815 0.6462264150943396