3 0.5843706777316736 0.14892268694550062 0.02351313969571231 0.034220532319391636
2 0.2925311203319502 0.1590621039290241 0.5850622406639004 0.3181242078580482
3 0.6576763485477178 0.30228136882129275 0.017980636237897647 0.036755386565272496
0 0.7612863070539418 0.3238276299112801 0.08437067773167359 0.04182509505703422
0 0.8125864453665284 0.35297845373891 0.07053941908713693 0.044359949302915085
0 0.7759336099585062 0.3694550063371356 0.08022130013831259 0.04182509505703422
3 0.6825726141078838 0.4017743979721166 0.029045643153526972 0.02788339670468948
1 0.4805117565698479 0.4170468948035488 0.5076071922544951 0.4220532319391635
0 0.7579529737206085 0.4385297845373891 0.07192254495159059 0.03802281368821293
2 0.19294605809128632 0.5126742712294043 0.24204702627939143 0.07984790874524715
0 0.5456431535269709 0.5285171102661597 0.11203319502074689 0.05576679340937896
0 0.3699861687413555 0.5449936628643853 0.10650069156293222 0.048162230671736375
2 0.6514522821576764 0.5741444866920152 0.3070539419087137 0.16730038022813687
0 0.5954356846473029 0.5785804816223067 0.0954356846473029 0.044359949302915085
0 0.4395850622406639 0.5945373891001267 0.09681881051175657 0.045627376425855515