0 0.47136797454931073 0.38466413181242076 0.05408271474019088 0.057034220532319393
0 0.419406150583245 0.41825095057034223 0.06256627783669141 0.06590621039290241
0 0.38229056203605516 0.42395437262357416 0.051961823966065745 0.051964512040557666
2 0.6818663838812301 0.4309252217997465 0.2735949098621421 0.19518377693282637
1 0.49628844114528103 0.48859315589353614 0.16967126193001061 0.21673003802281368
0 0.4867444326617179 0.5576679340937896 0.019088016967126194 0.058301647655259824
2 0.34146341463414637 0.5659062103929025 0.2523860021208908 0.17870722433460076
0 0.5355249204665959 0.5728770595690748 0.02545068928950159 0.058301647655259824
0 0.4777306468716861 0.5937896070975919 0.022269353128313893 0.051964512040557666
0 0.5265111346765642 0.6045627376425855 0.022269353128313893 0.053231939163498096
0 0.5296924708377518 0.641318124207858 0.07953340402969247 0.08618504435994931