0 0.7178423236514523 0.3523447401774398 0.2074688796680498 0.17743979721166034
3 0.5843706777316736 0.3694550063371356 0.009681881051175657 0.008871989860583017
3 0.46887966804979253 0.3979721166032953 0.011065006915629323 0.010139416983523447
3 0.5850622406639004 0.4340937896070976 0.008298755186721992 0.008871989860583017
1 0.5511756569847857 0.4512040557667934 0.17012448132780084 0.1850443599493029
0 0.27316735822959887 0.467680608365019 0.42738589211618255 0.060836501901140684
3 0.6196403872752421 0.4879594423320659 0.008298755186721992 0.010139416983523447
3 0.6258644536652835 0.49493029150823825 0.012448132780082987 0.008871989860583017
3 0.6189488243430152 0.5012674271229405 0.009681881051175657 0.008871989860583017
3 0.504149377593361 0.5202788339670469 0.009681881051175657 0.011406844106463879
3 0.4972337482710927 0.5240811153358682 0.009681881051175657 0.008871989860583017
3 0.5124481327800829 0.5304182509505704 0.012448132780082987 0.008871989860583017
3 0.49930843706777317 0.532319391634981 0.008298755186721992 0.010139416983523447
0 0.7240663900414938 0.641318124207858 0.330567081604426 0.30671736375158426