2 0.2624602332979852 0.25285171102661597 0.5249204665959704 0.5057034220532319
0 0.7269353128313892 0.34917617237008874 0.18769883351007424 0.20659062103929024
1 0.5975609756097561 0.5690747782002535 0.32767762460233296 0.4233206590621039
0 0.54135737009544 0.5880861850443599 0.04984093319194061 0.06337135614702155
0 0.4931071049840933 0.614702154626109 0.08059384941675504 0.10139416983523447
0 0.5996818663838812 0.6698352344740177 0.04984093319194061 0.059569074778200254
0 0.5307529162248145 0.6742712294043093 0.024390243902439025 0.032953105196451206
0 0.5493107104984093 0.6844106463878327 0.02332979851537646 0.025348542458808618
0 0.5174973488865323 0.6907477820025348 0.05090137857900318 0.060836501901140684
0 0.4533404029692471 0.6958174904942965 0.12407211028632026 0.16223067173637515
2 0.8255567338282078 0.8060836501901141 0.3488865323435843 0.38783269961977185