2 0.5470262793914247 0.3637515842839037 0.040110650069156296 0.07097591888466413
2 0.4930843706777317 0.3770595690747782 0.0677731673582296 0.07224334600760456
2 0.5975103734439834 0.3840304182509506 0.07192254495159059 0.06590621039290241
2 0.46265560165975106 0.4188846641318124 0.07607192254495158 0.046894803548795945
2 0.6251728907330567 0.42902408111533585 0.08852005532503458 0.034220532319391636
1 0.5387275242047026 0.435361216730038 0.09820193637621023 0.08998732572877059
2 0.4681881051175657 0.46894803548795944 0.07607192254495158 0.053231939163498096
2 0.6044260027662517 0.47782002534854245 0.07745504840940526 0.060836501901140684
2 0.5069156293222683 0.5038022813688213 0.059474412171507604 0.07224334600760456
2 0.5636237897648686 0.5063371356147022 0.056708160442600276 0.06717363751584284
0 0.6141078838174274 0.5709759188846641 0.15767634854771784 0.28517110266159695