2 0.17709437963944857 0.18948035487959441 0.35418875927889715 0.37896070975918883
0 0.5874867444326617 0.30038022813688214 0.10392364793213149 0.14195183776932827
0 0.4077412513255567 0.3162230671736375 0.043478260869565216 0.049429657794676805
0 0.36850477200424175 0.3238276299112801 0.041357370095440084 0.049429657794676805
0 0.43478260869565216 0.3523447401774398 0.04029692470837752 0.050697084917617236
0 0.3955461293743372 0.36185044359949303 0.04029692470837752 0.046894803548795945
0 0.35418875927889715 0.3694550063371356 0.042417815482502653 0.044359949302915085
0 0.3123011664899258 0.38022813688212925 0.03923647932131495 0.048162230671736375
0 0.4602332979851538 0.3897338403041825 0.04029692470837752 0.046894803548795945
0 0.4209968186638388 0.3979721166032953 0.04029692470837752 0.050697084917617236
0 0.3796394485683987 0.40747782002534855 0.04029692470837752 0.046894803548795945
0 0.33828207847295866 0.41698352344740175 0.04029692470837752 0.048162230671736375
0 0.295864262990456 0.42712294043092525 0.042417815482502653 0.050697084917617236
0 0.4867444326617179 0.42775665399239543 0.042417815482502653 0.049429657794676805
0 0.2550371155885472 0.43599493029150826 0.03923647932131495 0.050697084917617236
0 0.44644750795334043 0.43599493029150826 0.04029692470837752 0.045627376425855515
0 0.4061505832449629 0.4448669201520912 0.04029692470837752 0.048162230671736375
0 0.3637327677624602 0.4550063371356147 0.04029692470837752 0.048162230671736375
0 0.513255567338282 0.46387832699619774 0.04029692470837752 0.050697084917617236
0 0.32237539766702017 0.4645120405576679 0.04029692470837752 0.049429657794676805
0 0.47295864262990456 0.47275031685678076 0.04029692470837752 0.048162230671736375
1 0.3987274655355249 0.47338403041825095 0.36267232237539765 0.42458808618504434
0 0.2815482502651113 0.47465145754119137 0.041357370095440084 0.049429657794676805
0 0.43213149522799577 0.48225602027883396 0.041357370095440084 0.046894803548795945
0 0.39183457051961823 0.491128010139417 0.03711558854718982 0.046894803548795945
0 0.3494167550371156 0.5019011406844106 0.041357370095440084 0.045627376425855515
0 0.5387062566277837 0.5031685678073511 0.04029692470837752 0.048162230671736375
0 0.5 0.5082382762991128 0.041357370095440084 0.050697084917617236
0 0.3080593849416755 0.5114068441064639 0.041357370095440084 0.049429657794676805
0 0.4586426299045599 0.5196451204055766 0.043478260869565216 0.048162230671736375
0 0.4151643690349947 0.5285171102661597 0.03923647932131495 0.048162230671736375
0 0.37486744432661717 0.5386565272496832 0.041357370095440084 0.048162230671736375
0 0.3340402969247084 0.5494296577946768 0.042417815482502653 0.046894803548795945
0 0.48303287380699894 0.555766793409379 0.041357370095440084 0.051964512040557666
0 0.4411452810180276 0.5665399239543726 0.04029692470837752 0.050697084917617236
0 0.40084835630965004 0.5773130544993663 0.04029692470837752 0.046894803548795945
0 0.35949098621421 0.5861850443599493 0.04029692470837752 0.049429657794676805
0 0.42576882290562035 0.6134347275031685 0.03923647932131495 0.048162230671736375
0 0.3865323435843054 0.6229404309252218 0.041357370095440084 0.049429657794676805
0 0.20890774125132555 0.6749049429657795 0.16755037115588547 0.21673003802281368
2 0.6876988335100742 0.7877059569074778 0.4634146341463415 0.42458808618504434