2 0.7835408022130014 0.23067173637515842 0.43291839557399725 0.46134347275031684
0 0.39903181189488246 0.2693282636248416 0.07053941908713693 0.06717363751584284
0 0.3312586445366528 0.2997465145754119 0.07883817427385892 0.0697084917617237
0 0.26348547717842324 0.30481622306717365 0.07330567081604426 0.06463878326996197
0 0.25864453665283543 0.3656527249683143 0.07745504840940526 0.0697084917617237
0 0.529045643153527 0.38149556400506973 0.10926694329183956 0.10139416983523447
1 0.5255878284923928 0.5012674271229405 0.5726141078838174 0.5183776932826363
0 0.3941908713692946 0.5057034220532319 0.1078838174273859 0.10392902408111533
0 0.661134163208852 0.5101394169835235 0.11065006915629322 0.10012674271229405
0 0.5235131396957123 0.629277566539924 0.10650069156293222 0.10266159695817491
2 0.2392807745504841 0.7648922686945501 0.4785615491009682 0.47021546261089986