0 0.5056116722783389 0.2549019607843137 0.052749719416386086 0.03725490196078431
0 0.5033670033670034 0.3627450980392157 0.08417508417508418 0.06666666666666667
0 0.6576879910213244 0.36666666666666664 0.05387205387205387 0.0392156862745098
0 0.44219977553310885 0.4073529411764706 0.020202020202020204 0.018627450980392157
0 0.5578002244668911 0.41862745098039217 0.02244668911335578 0.0196078431372549
1 0.5039281705948373 0.4715686274509804 0.19977553310886645 0.3176470588235294
0 0.4590347923681257 0.47794117647058826 0.03591470258136925 0.024509803921568627
0 0.6464646464646465 0.5044117647058823 0.013468013468013467 0.010784313725490196
0 0.6470258136924804 0.5171568627450981 0.014590347923681257 0.010784313725490196
2 0.2671156004489338 0.5372549019607843 0.29854096520763185 0.03333333333333333
2 0.7289562289562289 0.5372549019607843 0.30864197530864196 0.029411764705882353
0 0.5684624017957352 0.5553921568627451 0.016835016835016835 0.024509803921568627