0 0.49158249158249157 0.1843137254901961 0.05387205387205387 0.00980392156862745
0 0.5291806958473625 0.1857843137254902 0.05499438832772166 0.010784313725490196
0 0.4298540965207632 0.19558823529411765 0.06060606060606061 0.016666666666666666
0 0.4001122334455668 0.19754901960784313 0.05723905723905724 0.020588235294117647
0 0.6257014590347924 0.1980392156862745 0.052749719416386086 0.0196078431372549
0 0.6021324354657688 0.2 0.06621773288439955 0.025490196078431372
0 0.5050505050505051 0.20245098039215687 0.06958473625140292 0.028431372549019607
0 0.3434343434343434 0.22058823529411764 0.058361391694725026 0.027450980392156862
0 0.6975308641975309 0.22598039215686275 0.06846240179573512 0.04019607843137255
0 0.4079685746352413 0.2299019607843137 0.06621773288439955 0.03431372549019608
0 0.3075196408529742 0.2323529411764706 0.05387205387205387 0.03333333333333333
0 0.3338945005611672 0.23431372549019608 0.05948372615039282 0.03529411764705882
0 0.5757575757575758 0.23480392156862745 0.06958473625140292 0.03235294117647059
0 0.6632996632996633 0.23872549019607844 0.06285072951739619 0.03431372549019608
0 0.48035914702581367 0.2563725490196078 0.06958473625140292 0.04411764705882353
0 0.2671156004489338 0.2607843137254902 0.04264870931537598 0.03333333333333333
0 0.7418630751964085 0.26372549019607844 0.058361391694725026 0.041176470588235294
0 0.7637485970819304 0.2642156862745098 0.04377104377104377 0.03627450980392157
0 0.3159371492704826 0.2803921568627451 0.06621773288439955 0.049019607843137254
0 0.6498316498316499 0.2867647058823529 0.06958473625140292 0.04607843137254902
0 0.5679012345679012 0.29411764705882354 0.0718294051627385 0.047058823529411764
0 0.39113355780022446 0.2946078431372549 0.06621773288439955 0.04803921568627451
0 0.25084175084175087 0.296078431372549 0.04826038159371493 0.047058823529411764
0 0.72334455667789 0.29901960784313725 0.05948372615039282 0.049019607843137254
0 0.8120089786756454 0.31813725490196076 0.050505050505050504 0.05588235294117647
0 0.48484848484848486 0.32401960784313727 0.07407407407407407 0.05196078431372549
0 0.19977553310886645 0.32450980392156864 0.031425364758698095 0.041176470588235294
0 0.7884399551066218 0.3284313725490196 0.050505050505050504 0.050980392156862744
0 0.6773288439955106 0.3509803921568627 0.06621773288439955 0.058823529411764705
0 0.24635241301907967 0.3519607843137255 0.052749719416386086 0.054901960784313725
0 0.3164983164983165 0.3607843137254902 0.06285072951739619 0.060784313725490195
0 0.5881032547699214 0.3642156862745098 0.07407407407407407 0.061764705882352944
0 0.7575757575757576 0.36666666666666664 0.05611672278338945 0.056862745098039215
0 0.8540965207631874 0.3681372549019608 0.031425364758698095 0.04215686274509804
0 0.4158249158249158 0.3720588235294118 0.07519640852974187 0.06372549019607843
0 0.18855218855218855 0.3735294117647059 0.04713804713804714 0.058823529411764705
0 0.8406285072951739 0.3769607843137255 0.03367003367003367 0.05392156862745098
0 0.15488215488215487 0.3990196078431373 0.026936026936026935 0.049019607843137254
0 0.5033670033670034 0.4068627450980392 0.07744107744107744 0.06470588235294118
0 0.8221099887766554 0.4122549019607843 0.04377104377104377 0.05588235294117647
0 0.8821548821548821 0.4343137254901961 0.024691358024691357 0.054901960784313725
0 0.7003367003367004 0.43480392156862746 0.06734006734006734 0.06372549019607843
0 0.35802469135802467 0.4372549019607843 0.06734006734006734 0.06274509803921569
0 0.1941638608305275 0.4406862745098039 0.04713804713804714 0.05588235294117647
0 0.26262626262626265 0.4406862745098039 0.06060606060606061 0.06372549019607843
0 0.13580246913580246 0.4514705882352941 0.02244668911335578 0.05392156862745098
0 0.6088664421997755 0.4549019607843137 0.07968574635241302 0.06666666666666667
0 0.7789001122334456 0.4598039215686274 0.05387205387205387 0.06470588235294118
0 0.15039281705948374 0.4661764705882353 0.02244668911335578 0.05784313725490196
0 0.8619528619528619 0.4715686274509804 0.031425364758698095 0.058823529411764705
0 0.43658810325476993 0.47401960784313724 0.07631874298540965 0.07156862745098039
0 0.13131313131313133 0.48676470588235293 0.013468013468013467 0.03627450980392157
0 0.8911335578002245 0.5029411764705882 0.015712682379349047 0.060784313725490195
0 0.32042648709315374 0.5127450980392156 0.06621773288439955 0.06666666666666667
1 0.5168350168350169 0.513235294117647 0.7620650953984287 0.6715686274509803
0 0.531986531986532 0.5166666666666667 0.07856341189674523 0.07450980392156863
0 0.8277216610549943 0.5200980392156863 0.04377104377104377 0.061764705882352944
0 0.675645342312009 0.5220588235294118 0.06958473625140292 0.0696078431372549
0 0.2334455667789001 0.5299019607843137 0.04713804713804714 0.06372549019607843
0 0.1728395061728395 0.5362745098039216 0.038159371492704826 0.06274509803921569
0 0.12850729517396184 0.5401960784313725 0.014590347923681257 0.058823529411764705
0 0.877104377104377 0.5411764705882353 0.02132435465768799 0.058823529411764705
0 0.7626262626262627 0.5416666666666666 0.05948372615039282 0.07352941176470588
0 0.3978675645342312 0.5568627450980392 0.07519640852974187 0.06862745098039216
0 0.1419753086419753 0.5598039215686275 0.012345679012345678 0.054901960784313725
0 0.3052749719416386 0.5906862745098039 0.06060606060606061 0.06568627450980392
0 0.6021324354657688 0.5911764705882353 0.07744107744107744 0.06666666666666667
0 0.835016835016835 0.6004901960784313 0.04040404040404041 0.05784313725490196
0 0.4983164983164983 0.6029411764705882 0.07407407407407407 0.06666666666666667
0 0.6964085297418631 0.6122549019607844 0.06621773288439955 0.06764705882352941
0 0.8653198653198653 0.6161764705882353 0.029180695847362513 0.05784313725490196
0 0.2334455667789001 0.6181372549019608 0.051627384960718295 0.061764705882352944
0 0.14870931537598203 0.6245098039215686 0.025813692480359147 0.049019607843137254
0 0.18237934904601572 0.6274509803921569 0.04826038159371493 0.058823529411764705
0 0.7777777777777778 0.6274509803921569 0.05611672278338945 0.06274509803921569
0 0.39281705948372614 0.6416666666666667 0.0718294051627385 0.06372549019607843
0 0.3153759820426487 0.667156862745098 0.06509539842873176 0.059803921568627454
0 0.8019079685746352 0.6764705882352942 0.050505050505050504 0.056862745098039215
0 0.6172839506172839 0.6784313725490196 0.07407407407407407 0.060784313725490195
0 0.8333333333333334 0.6852941176470588 0.03928170594837262 0.050980392156862744
0 0.5129068462401796 0.6892156862745098 0.07631874298540965 0.060784313725490195
0 0.7065095398428731 0.6936274509803921 0.06397306397306397 0.05392156862745098
0 0.2564534231200898 0.6985294117647058 0.05499438832772166 0.05392156862745098
0 0.2149270482603816 0.7093137254901961 0.04826038159371493 0.05
0 0.42031425364758696 0.7181372549019608 0.07295173961840629 0.05392156862745098
0 0.20987654320987653 0.7225490196078431 0.04264870931537598 0.045098039215686274
0 0.3445566778900112 0.7323529411764705 0.06509539842873176 0.050980392156862744
0 0.7356902356902357 0.7333333333333333 0.06172839506172839 0.047058823529411764
0 0.5712682379349046 0.7446078431372549 0.07407407407407407 0.04803921568627451
0 0.7749719416386083 0.7446078431372549 0.050505050505050504 0.04607843137254902
0 0.6515151515151515 0.7602941176470588 0.0707070707070707 0.04607843137254902
0 0.30190796857463525 0.7661764705882353 0.06060606060606061 0.04411764705882353
0 0.47362514029180697 0.7745098039215687 0.0718294051627385 0.041176470588235294
0 0.2721661054994388 0.7764705882352941 0.05499438832772166 0.043137254901960784
0 0.3939393939393939 0.7862745098039216 0.0718294051627385 0.03725490196078431
0 0.7065095398428731 0.7877450980392157 0.05948372615039282 0.03823529411764706
0 0.5460157126823794 0.8053921568627451 0.07295173961840629 0.03431372549019608
0 0.6285072951739619 0.8083333333333333 0.06509539842873176 0.030392156862745098
0 0.36924803591470257 0.8132352941176471 0.06060606060606061 0.03431372549019608
0 0.6705948372615039 0.8176470588235294 0.06172839506172839 0.025490196078431372
0 0.45735129068462405 0.8196078431372549 0.06397306397306397 0.029411764705882353
0 0.3501683501683502 0.8200980392156862 0.06060606060606061 0.028431372549019607
0 0.5286195286195287 0.8352941176470589 0.06509539842873176 0.01764705882352941
0 0.6054994388327721 0.8401960784313726 0.06172839506172839 0.021568627450980392
0 0.43658810325476993 0.8441176470588235 0.08305274971941638 0.0196078431372549
0 0.5263748597081931 0.8529411764705882 0.06734006734006734 0.013725490196078431