2 0.7749719416386083 0.22009803921568627 0.4500561167227834 0.40490196078431373
0 0.49326599326599324 0.38529411764705884 0.030303030303030304 0.027450980392156862
0 0.4725028058361392 0.40441176470588236 0.029180695847362513 0.026470588235294117
0 0.494949494949495 0.4137254901960784 0.013468013468013467 0.011764705882352941
0 0.4506172839506173 0.4245098039215686 0.030303030303030304 0.027450980392156862
0 0.4820426487093154 0.42549019607843136 0.014590347923681257 0.011764705882352941
1 0.5235690235690236 0.4470588235294118 0.122334455667789 0.10588235294117647
0 0.5864197530864198 0.4642156862745098 0.030303030303030304 0.026470588235294117
0 0.5656565656565656 0.4843137254901961 0.031425364758698095 0.025490196078431372
0 0.5959595959595959 0.49117647058823527 0.031425364758698095 0.025490196078431372
0 0.5437710437710438 0.5024509803921569 0.030303030303030304 0.026470588235294117
0 0.5751964085297419 0.5098039215686274 0.030303030303030304 0.025490196078431372
2 0.26992143658810325 0.6725490196078432 0.4500561167227834 0.40784313725490196