1 0.5124481327800829 0.40430925221799746 0.34163208852005533 0.24841571609632446
2 0.39764868603042874 0.45690747782002533 0.24481327800829875 0.1482889733840304
2 0.6666666666666666 0.4632446134347275 0.29045643153526973 0.14575411913814956
2 0.2392807745504841 0.5069708491761724 0.33195020746887965 0.10392902408111533
2 0.7946058091286307 0.5209125475285171 0.31950207468879666 0.09632446134347275
0 0.43499308437067774 0.5652724968314322 0.02074688796680498 0.07858048162230671
2 0.22199170124481327 0.5817490494296578 0.2946058091286307 0.04055766793409379
2 0.7786998616874136 0.5918884664131813 0.2766251728907331 0.06590621039290241
0 0.627939142461964 0.6032953105196451 0.03319502074688797 0.08365019011406843
0 0.573997233748271 0.6128010139416984 0.058091286307053944 0.09759188846641319
0 0.4557399723374827 0.6280101394169835 0.03734439834024896 0.07984790874524715
2 0.3360995850622407 0.629277566539924 0.2268326417704011 0.0697084917617237
2 0.6466113416320886 0.6349809885931559 0.20608575380359612 0.08111533586818757
2 0.49861687413554634 0.6406844106463878 0.11756569847856155 0.07477820025348543
0 0.5089903181189488 0.7756653992395437 0.04979253112033195 0.44866920152091255