1 0.4965277777777778 0.4409465020576132 0.21064814814814814 0.6460905349794238
0 0.46064814814814814 0.48148148148148145 0.1712962962962963 0.19753086419753085
0 0.5486111111111112 0.5061728395061729 0.037037037037037035 0.0823045267489712
2 0.8240740740740741 0.5905349794238683 0.35185185185185186 0.5967078189300411
0 0.5451388888888888 0.6193415637860082 0.034722222222222224 0.07818930041152264
0 0.5671296296296297 0.7901234567901234 0.09722222222222222 0.15637860082304528
0 0.42824074074074076 0.1111111111111111 0.06944444444444445 0.0411522633744856
3 0.4988425925925926 0.12139917695473251 0.020833333333333332 0.09465020576131687
0 0.38310185185185186 0.13786008230452676 0.0763888888888889 0.04526748971193416
0 0.625 0.17901234567901234 0.08796296296296297 0.06172839506172839
0 0.5925925925925926 0.20781893004115226 0.06481481481481481 0.07818930041152264
2 0.19444444444444445 0.2757201646090535 0.3888888888888889 0.4444444444444444
0 0.5462962962962963 0.27983539094650206 0.046296296296296294 0.0823045267489712
0 0.6516203703703703 0.3065843621399177 0.12731481481481483 0.102880658436214
0 0.5439814814814815 0.38271604938271603 0.046296296296296294 0.09053497942386832
0 0.3263888888888889 0.4053497942386831 0.1527777777777778 0.13580246913580246