0 0.5152143845089903 0.2249683143219265 0.23651452282157676 0.16096324461343473
3 0.6016597510373444 0.3073510773130545 0.027662517289073305 0.031685678073510776
3 0.39764868603042874 0.3086185044359949 0.02351313969571231 0.029150823827629912
3 0.37621023513139695 0.32192648922686945 0.03872752420470263 0.02788339670468948
1 0.49654218533886585 0.4708491761723701 0.24619640387275243 0.30798479087452474
2 0.19156293222683266 0.4847908745247148 0.3831258644536653 0.1229404309252218
2 0.80567081604426 0.49366286438529783 0.38865836791147995 0.12040557667934093
0 0.3921161825726141 0.6432192648922687 0.14246196403872752 0.06463878326996197
0 0.6065006915629322 0.6482889733840305 0.11203319502074689 0.059569074778200254
3 0.529045643153527 0.7610899873257287 0.05394190871369295 0.057034220532319393
3 0.4633471645919779 0.7731305449936628 0.04979253112033195 0.05576679340937896