2 0.5767634854771784 0.23257287705956908 0.11894882434301521 0.46514575411913817
0 0.7123098201936376 0.38339670468948034 0.04426002766251729 0.034220532319391636
0 0.7095435684647303 0.4556400506970849 0.04426002766251729 0.04182509505703422
0 0.9017980636237898 0.46134347275031684 0.07468879668049792 0.11153358681875793
0 0.1590594744121715 0.48859315589353614 0.07468879668049792 0.1229404309252218
0 0.34232365145228216 0.48859315589353614 0.051175656984785614 0.04182509505703422
0 0.4322268326417704 0.4917617237008872 0.05394190871369295 0.04055766793409379
1 0.5954356846473029 0.49809885931558934 0.6127247579529738 0.07351077313054499
0 0.37413554633471646 0.5240811153358682 0.02351313969571231 0.026615969581749048
0 0.343015214384509 0.5247148288973384 0.024896265560165973 0.02788339670468948
0 0.313969571230982 0.5259822560202788 0.03319502074688797 0.025348542458808618
0 0.4612724757952974 0.5278833967046895 0.029045643153526972 0.029150823827629912
0 0.40110650069156295 0.5285171102661597 0.027662517289073305 0.030418250950570342
0 0.4322268326417704 0.5285171102661597 0.0318118948824343 0.025348542458808618
0 0.7130013831258645 0.5443599493029151 0.04564315352697095 0.03929024081115336
0 0.7821576763485477 0.5468948035487959 0.04564315352697095 0.044359949302915085
0 0.7178423236514523 0.6108998732572877 0.04149377593360996 0.035487959442332066
2 0.5615491009681881 0.7642585551330798 0.11065006915629322 0.4714828897338403