2 0.3499308437067773 0.2750316856780735 0.32088520055325037 0.10139416983523447
2 0.6701244813278008 0.2769328263624842 0.32503457814661135 0.10266159695817491
2 0.24204702627939143 0.33840304182509506 0.26556016597510373 0.048162230671736375
2 0.7655601659751037 0.34220532319391633 0.27247579529737204 0.050697084917617236
2 0.34716459197787 0.3840304182509506 0.1272475795297372 0.045627376425855515
2 0.6590594744121715 0.38719898605830166 0.10650069156293222 0.044359949302915085
1 0.5145228215767634 0.40747782002534855 0.3817427385892116 0.21166032953105196
0 0.6742738589211619 0.582382762991128 0.056708160442600276 0.10773130544993663
0 0.5034578146611342 0.5861850443599493 0.24066390041493776 0.06463878326996197
0 0.3354080221300138 0.5887198986058302 0.051175656984785614 0.11533586818757921
0 0.5069156293222683 0.8054499366286438 0.048409405255878286 0.09505703422053231