0 0.24298540965207632 0.38529411764705884 0.04377104377104377 0.050980392156862744
0 0.8002244668911336 0.4122549019607843 0.017957351290684626 0.018627450980392157
0 0.8035914702581369 0.4308823529411765 0.02244668911335578 0.014705882352941176
3 0.6026936026936027 0.4843137254901961 0.006734006734006734 0.0058823529411764705
3 0.6122334455667789 0.4872549019607843 0.005611672278338945 0.00784313725490196
3 0.6032547699214366 0.492156862745098 0.007856341189674524 0.0058823529411764705
3 0.611672278338945 0.4970588235294118 0.006734006734006734 0.0058823529411764705
0 0.21604938271604937 0.5 0.06846240179573512 0.050980392156862744
3 0.6026936026936027 0.5 0.006734006734006734 0.0058823529411764705
2 0.7912457912457912 0.5 0.3052749719416386 0.047058823529411764
1 0.489337822671156 0.5009803921568627 0.5230078563411896 0.21176470588235294
0 0.3047138047138047 0.5102941176470588 0.037037037037037035 0.04803921568627451
0 0.6083052749719416 0.5294117647058824 0.03367003367003367 0.023529411764705882
0 0.27048260381593714 0.5495098039215687 0.026936026936026935 0.022549019607843137