2 0.34812286689419797 0.3958762886597938 0.6962457337883959 0.6721649484536083
0 0.8316268486916951 0.4484536082474227 0.11604095563139932 0.05567010309278351
0 0.7246871444823664 0.4556701030927835 0.040955631399317405 0.06597938144329897
0 0.8845278725824801 0.4824742268041237 0.11035267349260523 0.06597938144329897
0 0.735494880546075 0.5278350515463918 0.03754266211604096 0.05360824742268041
1 0.757679180887372 0.5938144329896907 0.1820250284414107 0.5278350515463918
0 0.6899886234357224 0.6020618556701031 0.053469852104664393 0.11958762886597939
0 0.7457337883959044 0.6278350515463917 0.04436860068259386 0.05979381443298969
2 0.909556313993174 0.6298969072164948 0.18088737201365188 0.3154639175257732
0 0.754835039817975 0.7164948453608248 0.04209328782707622 0.07216494845360824
0 0.8316268486916951 0.8618556701030928 0.07963594994311718 0.08247422680412371