0 0.13843236409608092 0.2147887323943662 0.22376738305941846 0.31338028169014087
2 0.7313527180783818 0.21742957746478872 0.5372945638432364 0.43485915492957744
1 0.41276864728192164 0.44278169014084506 0.24905183312262957 0.3257042253521127
0 0.38242730720606827 0.44366197183098594 0.01643489254108723 0.02112676056338028
0 0.3356510745891277 0.4551056338028169 0.01643489254108723 0.022887323943661973
0 0.3640960809102402 0.45598591549295775 0.017699115044247787 0.02464788732394366
0 0.4595448798988622 0.460387323943662 0.13274336283185842 0.16725352112676056
0 0.3527180783817952 0.4612676056338028 0.015170670037926675 0.02464788732394366
0 0.3969658659924147 0.4639084507042254 0.015170670037926675 0.01936619718309859
0 0.3109987357774968 0.4665492957746479 0.015170670037926675 0.02112676056338028
0 0.38305941845764857 0.46742957746478875 0.017699115044247787 0.01936619718309859
0 0.33944374209860934 0.4762323943661972 0.01643489254108723 0.022887323943661973
0 0.3274336283185841 0.48063380281690143 0.015170670037926675 0.02112676056338028
0 0.35461441213653605 0.48063380281690143 0.01643489254108723 0.02112676056338028
0 0.3691529709228824 0.48327464788732394 0.015170670037926675 0.01936619718309859
0 0.38495575221238937 0.4850352112676056 0.01643489254108723 0.022887323943661973
0 0.31605562579013907 0.4859154929577465 0.015170670037926675 0.02112676056338028
0 0.4026548672566372 0.4894366197183099 0.01643489254108723 0.02112676056338028
0 0.3495575221238938 0.49559859154929575 0.01643489254108723 0.01936619718309859
0 0.3381795195954488 0.49911971830985913 0.01643489254108723 0.01936619718309859
0 0.36599241466498106 0.49911971830985913 0.01643489254108723 0.01936619718309859
0 0.38242730720606827 0.5017605633802817 0.01643489254108723 0.02112676056338028
0 0.32616940581542353 0.5035211267605634 0.017699115044247787 0.02112676056338028
0 0.39823008849557523 0.5079225352112676 0.015170670037926675 0.01936619718309859
0 0.4140328697850822 0.5105633802816901 0.01643489254108723 0.02112676056338028
0 0.37610619469026546 0.516725352112676 0.01643489254108723 0.01936619718309859
0 0.393173198482933 0.5202464788732394 0.015170670037926675 0.01936619718309859
0 0.40897597977243993 0.5255281690140845 0.01643489254108723 0.01936619718309859
0 0.4247787610619469 0.528169014084507 0.017699115044247787 0.02112676056338028
0 0.38811630847029077 0.5360915492957746 0.017699115044247787 0.01936619718309859
0 0.4051833122629583 0.5422535211267606 0.01643489254108723 0.017605633802816902
0 0.42035398230088494 0.5440140845070423 0.01643489254108723 0.017605633802816902
0 0.4367888748419722 0.5484154929577465 0.01643489254108723 0.01936619718309859
0 0.3994943109987358 0.5536971830985915 0.015170670037926675 0.01936619718309859
0 0.41529709228824274 0.5572183098591549 0.01643489254108723 0.01936619718309859
2 0.21871049304677623 0.5633802816901409 0.29582806573957016 0.31338028169014087
0 0.40960809102402024 0.573943661971831 0.017699115044247787 0.02112676056338028
0 0.2079646017699115 0.676056338028169 0.2743362831858407 0.30985915492957744
0 0.5581542351453855 0.840669014084507 0.22123893805309736 0.2482394366197183