2 0.3584305408271474 0.33713561470215464 0.2608695652173913 0.311787072243346
0 0.5705196182396607 0.3377693282636248 0.05090137857900318 0.06717363751584284
0 0.6097560975609756 0.37072243346007605 0.06362672322375397 0.07224334600760456
0 0.6373276776246023 0.42015209125475284 0.053022269353128315 0.059569074778200254
0 0.5190880169671261 0.4784537389100127 0.018027571580063628 0.019011406844106463
0 0.4660657476139979 0.4841571609632446 0.02014846235418876 0.022813688212927757
1 0.513255567338282 0.4866920152091255 0.20784729586426298 0.2458808618504436
0 0.5143160127253447 0.5418250950570342 0.016967126193001062 0.021546261089987327
0 0.4575821845174973 0.5506970849176173 0.015906680805938492 0.021546261089987327
0 0.37009544008483564 0.5880861850443599 0.11664899257688228 0.1394169835234474
2 0.6336161187698833 0.6723700887198986 0.2598091198303287 0.3155893536121673