2 0.67003367003367 0.2553921568627451 0.1526374859708193 0.12450980392156863
2 0.8221099887766554 0.25588235294117645 0.1425364758698092 0.13529411764705881
2 0.7480359147025814 0.32107843137254904 0.15600448933782268 0.1303921568627451
2 0.8249158249158249 0.38333333333333336 0.143658810325477 0.12941176470588237
2 0.6750841750841751 0.38480392156862747 0.14702581369248036 0.1303921568627451
1 0.5606060606060606 0.475 0.12457912457912458 0.11274509803921569
0 0.6419753086419753 0.5441176470588235 0.08529741863075196 0.07450980392156863
2 0.45286195286195285 0.5759803921568627 0.1537598204264871 0.13823529411764707
2 0.29854096520763185 0.5779411764705882 0.15039281705948374 0.13431372549019607
2 0.3759820426487093 0.6421568627450981 0.15488215488215487 0.1411764705882353
2 0.29797979797979796 0.7147058823529412 0.16049382716049382 0.13333333333333333
2 0.4494949494949495 0.7147058823529412 0.14927048260381592 0.13137254901960785