0 0.5878284923928078 0.5449936628643853 0.05255878284923928 0.025348542458808618
2 0.5663900414937759 0.564638783269962 0.040110650069156296 0.021546261089987327
1 0.5636237897648686 0.5728770595690748 0.5656984785615491 0.4435994930291508
0 0.6251728907330567 0.5798479087452472 0.08575380359612725 0.046894803548795945
0 0.5401106500691563 0.582382762991128 0.048409405255878286 0.019011406844106463
0 0.822268326417704 0.5861850443599493 0.23651452282157676 0.24968314321926488
2 0.21853388658367912 0.6051964512040557 0.43706777316735823 0.11280101394169835
0 0.5567081604426003 0.6242078580481623 0.08713692946058091 0.034220532319391636
2 0.7489626556016598 0.6849302915082383 0.5020746887966805 0.10519645120405577
0 0.2330567081604426 0.7034220532319392 0.04564315352697095 0.11406844106463879
0 0.33402489626556015 0.7243346007604563 0.056708160442600276 0.024081115335868188
0 0.4578146611341632 0.7332065906210393 0.06085753803596127 0.021546261089987327
0 0.5456431535269709 0.7332065906210393 0.042876901798063624 0.11026615969581749
0 0.3091286307053942 0.743979721166033 0.059474412171507604 0.022813688212927757
0 0.3796680497925311 0.8491761723700887 0.1396957123098202 0.10392902408111533