0 0.49377593360995853 0.27249683143219267 0.04979253112033195 0.1520912547528517
3 0.5089903181189488 0.3377693282636248 0.016597510373443983 0.016476552598225603
0 0.6251728907330567 0.3865652724968314 0.32088520055325037 0.2915082382762991
1 0.4903181189488243 0.4480354879594423 0.2503457814661134 0.21673003802281368
3 0.3872752420470263 0.5202788339670469 0.016597510373443983 0.016476552598225603
3 0.6092669432918395 0.5221799746514575 0.017980636237897647 0.015209125475285171
0 0.7966804979253111 0.5221799746514575 0.4066390041493776 0.07604562737642585
0 0.19847856154910096 0.523447401774398 0.3969571230982019 0.08871989860583017
3 0.3775933609958506 0.5335868187579215 0.019363762102351315 0.012674271229404309
3 0.3969571230982019 0.5342205323193916 0.013831258644536652 0.01394169835234474
3 0.6051175656984785 0.5367553865652726 0.012448132780082987 0.011406844106463879
3 0.6210235131396957 0.5367553865652726 0.016597510373443983 0.011406844106463879
3 0.38589211618257263 0.5468948035487959 0.013831258644536652 0.016476552598225603
3 0.6099585062240664 0.5494296577946768 0.016597510373443983 0.01394169835234474
3 0.47994467496542187 0.5564005069708492 0.016597510373443983 0.017743979721166033