2 0.36376210235131395 0.24461343472750316 0.27385892116182575 0.27122940430925224
2 0.6784232365145229 0.26362484157160965 0.29737206085753803 0.27629911280101394
2 0.19571230982019364 0.48542458808618505 0.25864453665283543 0.1926489226869455
0 0.2475795297372061 0.4923954372623574 0.08298755186721991 0.16603295310519645
1 0.504149377593361 0.5114068441064639 0.44398340248962653 0.4423320659062104
0 0.43706777316735823 0.5126742712294043 0.11894882434301521 0.3637515842839037
0 0.5760719225449515 0.5183776932826363 0.12863070539419086 0.35994930291508237
0 0.5110650069156293 0.5196451204055766 0.042876901798063624 0.050697084917617236
0 0.7634854771784232 0.5253485424588086 0.08852005532503458 0.1482889733840304
2 0.8291839557399724 0.526615969581749 0.23651452282157676 0.18377693282636248
0 0.4951590594744122 0.7053231939163498 0.06639004149377593 0.20912547528517111
2 0.3360995850622407 0.7446134347275032 0.29322268326417705 0.27756653992395436
2 0.6431535269709544 0.7674271229404309 0.26832641770401106 0.2598225602027883