2 0.7725344644750796 0.28833967046894804 0.45493107104984093 0.5310519645120405
0 0.3563096500530223 0.42585551330798477 0.04665959703075292 0.03802281368821293
0 0.3653234358430541 0.4372623574144487 0.08589607635206786 0.07351077313054499
0 0.49787910922587486 0.5621039290240811 0.030752916224814422 0.029150823827629912
0 0.4766702014846235 0.5804816223067174 0.02863202545068929 0.02788339670468948
1 0.4899257688229056 0.5836501901140685 0.25026511134676566 0.3358681875792142
0 0.5047720042417816 0.5874524714828897 0.029692470837751856 0.029150823827629912
0 0.5334040296924708 0.5950570342205324 0.029692470837751856 0.026615969581749048
0 0.4559915164369035 0.596958174904943 0.029692470837751856 0.02788339670468948
0 0.4840933191940615 0.6051964512040557 0.030752916224814422 0.029150823827629912
0 0.5121951219512195 0.6121673003802282 0.027571580063626724 0.025348542458808618
0 0.4374337221633086 0.6159695817490495 0.030752916224814422 0.02788339670468948
0 0.5402969247083775 0.6210392902408112 0.02863202545068929 0.025348542458808618
0 0.4634146341463415 0.623574144486692 0.029692470837751856 0.02788339670468948
0 0.5683987274655355 0.6280101394169835 0.027571580063626724 0.029150823827629912
0 0.49204665959703076 0.6305449936628644 0.029692470837751856 0.026615969581749048
0 0.4162248144220573 0.6330798479087453 0.02863202545068929 0.029150823827629912
0 0.5201484623541888 0.638149556400507 0.026511134676564158 0.026615969581749048
0 0.443796394485684 0.6406844106463878 0.030752916224814422 0.026615969581749048
0 0.5482502651113468 0.6463878326996197 0.029692470837751856 0.025348542458808618
0 0.471898197242842 0.6476552598225602 0.029692470837751856 0.025348542458808618
0 0.3971367974549311 0.6501901140684411 0.030752916224814422 0.02788339670468948
0 0.5758218451749735 0.6527249683143219 0.027571580063626724 0.02788339670468948
0 0.49946977730646874 0.6546261089987325 0.029692470837751856 0.026615969581749048
0 0.4236479321314952 0.6565272496831432 0.02863202545068929 0.02788339670468948
0 0.528101802757158 0.6622306717363752 0.027571580063626724 0.024081115335868188
0 0.45227995758218453 0.6634980988593155 0.026511134676564158 0.024081115335868188
0 0.5551431601272534 0.6698352344740177 0.02863202545068929 0.024081115335868188
0 0.47932131495228 0.6730038022813688 0.027571580063626724 0.025348542458808618
0 0.4050901378579003 0.6742712294043093 0.027571580063626724 0.022813688212927757
0 0.6203605514316013 0.6780735107731305 0.10816542948038176 0.12167300380228137
0 0.5074231177094379 0.6787072243346007 0.02863202545068929 0.024081115335868188
0 0.432661717921527 0.6806083650190115 0.027571580063626724 0.025348542458808618
0 0.5355249204665959 0.6844106463878327 0.029692470837751856 0.025348542458808618
0 0.4602332979851538 0.6875792141951838 0.027571580063626724 0.024081115335868188
0 0.4883351007423118 0.6951837769328264 0.02863202545068929 0.024081115335868188
0 0.5143160127253447 0.7021546261089987 0.027571580063626724 0.022813688212927757
0 0.4411452810180276 0.7034220532319392 0.027571580063626724 0.025348542458808618
0 0.4687168610816543 0.7103929024081115 0.027571580063626724 0.024081115335868188
0 0.49522799575821846 0.7167300380228137 0.027571580063626724 0.024081115335868188
0 0.47560975609756095 0.7319391634980988 0.026511134676564158 0.024081115335868188
2 0.22852598091198303 0.8105196451204055 0.43160127253446445 0.34600760456273766