2 0.42047026279391425 0.1520912547528517 0.1798063623789765 0.3041825095057034
2 0.8354080221300139 0.26045627376425856 0.12448132780082988 0.2217997465145754
0 0.6106500691562933 0.31115335868187577 0.02627939142461964 0.019011406844106463
1 0.7952973720608575 0.4062103929024081 0.4094052558782849 0.27249683143219267
2 0.9695712309820194 0.4252217997465146 0.06085753803596127 0.23193916349809887
2 0.17634854771784234 0.42712294043092525 0.1590594744121715 0.21292775665399238
2 0.03872752420470263 0.47338403041825095 0.07745504840940526 0.15335868187579213
0 0.6002766251728907 0.541191381495564 0.24619640387275243 0.3269961977186312
1 0.20608575380359612 0.5462610899873257 0.41217150760719223 0.2458808618504436
1 0.5020746887966805 0.641318124207858 0.2766251728907331 0.6869455006337135
0 0.17219917012448133 0.6730038022813688 0.034578146611341634 0.02788339670468948
0 0.29045643153526973 0.6818757921419518 0.03319502074688797 0.032953105196451206
0 0.15006915629322268 0.7002534854245881 0.040110650069156296 0.021546261089987327
0 0.3437067773167358 0.7477820025348543 0.040110650069156296 0.03802281368821293
2 0.06293222683264177 0.7515842839036755 0.12586445366528354 0.4207858048162231