2 0.2551867219917012 0.3200253485424588 0.43568464730290457 0.42712294043092525
0 0.6452282157676349 0.36755386565272496 0.07330567081604426 0.06337135614702155
0 0.5532503457814661 0.41825095057034223 0.035961272475795295 0.03802281368821293
0 0.5103734439834025 0.4505703422053232 0.03319502074688797 0.031685678073510776
0 0.330567081604426 0.5291508238276299 0.027662517289073305 0.024081115335868188
1 0.44951590594744123 0.5373891001267427 0.334716459197787 0.2889733840304182
0 0.3755186721991701 0.5608365019011406 0.034578146611341634 0.034220532319391636
0 0.41770401106500693 0.6077313054499366 0.035961272475795295 0.036755386565272496
0 0.2897648686030429 0.6318124207858048 0.048409405255878286 0.04182509505703422
0 0.38105117565698476 0.6375158428390367 0.03734439834024896 0.032953105196451206
0 0.4432918395573997 0.6520912547528517 0.0318118948824343 0.026615969581749048
0 0.2766251728907331 0.6856780735107731 0.04979253112033195 0.048162230671736375
2 0.6749654218533887 0.7344740177439797 0.43983402489626555 0.42458808618504434