3 0.5145228215767634 0.3428390367553866 0.013831258644536652 0.016476552598225603
1 0.5096818810511756 0.45183776932826364 0.2669432918395574 0.2370088719898606
0 0.5124481327800829 0.4543726235741445 0.051175656984785614 0.046894803548795945
3 0.40318118948824344 0.5259822560202788 0.012448132780082987 0.015209125475285171
3 0.6272475795297372 0.5259822560202788 0.015214384508990318 0.015209125475285171
3 0.3921161825726141 0.5386565272496832 0.017980636237897647 0.012674271229404309
3 0.6189488243430152 0.5392902408111534 0.015214384508990318 0.011406844106463879
3 0.6383125864453665 0.5392902408111534 0.015214384508990318 0.011406844106463879
3 0.4107883817427386 0.5399239543726235 0.013831258644536652 0.012674271229404309
3 0.516597510373444 0.5506970849176173 0.015214384508990318 0.011406844106463879
3 0.4024896265560166 0.5519645120405576 0.016597510373443983 0.01394169835234474
3 0.627939142461964 0.5519645120405576 0.016597510373443983 0.011406844106463879