3 0.701171875 0.5952955367913149 0.107421875 0.1411338962605549
0 0.142578125 0.32750301568154405 0.1328125 0.17611580217129072
3 0.21435546875 0.42400482509047044 0.0068359375 0.008443908323281062
3 0.21533203125 0.43184559710494574 0.0068359375 0.008443908323281062
1 0.4951171875 0.46984318455971047 0.37353515625 0.3709288299155609
3 0.208984375 0.47165259348612787 0.0107421875 0.021712907117008445
3 0.1767578125 0.49095295536791317 0.00830078125 0.008443908323281062
3 0.1748046875 0.51145958986731 0.005859375 0.0066344993968636915
3 0.16796875 0.5180940892641737 0.00634765625 0.007237635705669481
3 0.1826171875 0.5265379975874548 0.0068359375 0.007237635705669481
3 0.1748046875 0.5301568154402895 0.0068359375 0.011459589867310011