0 0.5331088664421998 0.22598039215686275 0.01122334455667789 0.09705882352941177
0 0.5039281705948373 0.27598039215686276 0.07407407407407407 0.018627450980392157
0 0.590347923681257 0.28480392156862744 0.09427609427609428 0.018627450980392157
0 0.4708193041526375 0.3034313725490196 0.05723905723905724 0.012745098039215686
2 0.6487093153759821 0.3593137254901961 0.1526374859708193 0.07549019607843137
2 0.4152637485970819 0.3803921568627451 0.10774410774410774 0.06666666666666667
3 0.47418630751964086 0.4181372549019608 0.010101010101010102 0.008823529411764706
3 0.4797979797979798 0.4181372549019608 0.007856341189674524 0.008823529411764706
3 0.4797979797979798 0.4215686274509804 0.007856341189674524 0.00784313725490196
3 0.5572390572390572 0.4215686274509804 0.005611672278338945 0.00980392156862745
3 0.5628507295173962 0.4215686274509804 0.007856341189674524 0.00980392156862745
3 0.48540965207631875 0.42205882352941176 0.007856341189674524 0.008823529411764706
1 0.5185185185185185 0.45245098039215687 0.11896745230078563 0.3637254901960784
3 0.4567901234567901 0.5235294117647059 0.01122334455667789 0.00392156862745098
3 0.5819304152637486 0.5235294117647059 0.010101010101010102 0.0058823529411764705
3 0.5140291806958474 0.5254901960784314 0.015712682379349047 0.00392156862745098
3 0.4567901234567901 0.5299019607843137 0.01122334455667789 0.004901960784313725
3 0.5819304152637486 0.5308823529411765 0.010101010101010102 0.004901960784313725
3 0.5129068462401796 0.5323529411764706 0.01122334455667789 0.00392156862745098
2 0.37317620650953987 0.5622549019607843 0.18069584736251404 0.08529411764705883
2 0.7250280583613917 0.5901960784313726 0.3389450056116723 0.11960784313725491
3 0.4691358024691358 0.6171568627450981 0.006734006734006734 0.004901960784313725
3 0.4769921436588103 0.6181372549019608 0.01122334455667789 0.006862745098039216
3 0.5650953984287318 0.6181372549019608 0.007856341189674524 0.004901960784313725
3 0.5578002244668911 0.6186274509803922 0.01122334455667789 0.0058823529411764705
3 0.48484848484848486 0.6348039215686274 0.006734006734006734 0.006862745098039216
3 0.5510662177328844 0.6348039215686274 0.006734006734006734 0.008823529411764706
3 0.5190796857463524 0.6362745098039215 0.06172839506172839 0.011764705882352941