0 0.40721102863202546 0.2661596958174905 0.3075291622481442 0.1926489226869455
2 0.2513255567338282 0.5335868187579215 0.23966065747614 0.11913814955640051
0 0.4411452810180276 0.5595690747782003 0.006362672322375398 0.008871989860583017
0 0.42152704135737007 0.5671736375158428 0.005302226935312832 0.008871989860583017
1 0.4093319194061506 0.5779467680608364 0.10392364793213149 0.20785804816223066
0 0.39395546129374337 0.5811153358681875 0.01166489925768823 0.019011406844106463
0 0.44167550371155884 0.5988593155893536 0.005302226935312832 0.008871989860583017
0 0.4220572640509014 0.6077313054499366 0.006362672322375398 0.008871989860583017
0 0.3955461293743372 0.6121673003802282 0.008483563096500531 0.010139416983523447
0 0.3743372216330859 0.6242078580481623 0.008483563096500531 0.01394169835234474
0 0.42046659597030756 0.629277566539924 0.005302226935312832 0.0063371356147021544
2 0.6606574761399788 0.714828897338403 0.43902439024390244 0.22053231939163498