3 0.5230078563411896 0.4073529411764706 0.008978675645342313 0.006862745098039216
3 0.46296296296296297 0.40980392156862744 0.007856341189674524 0.00784313725490196
3 0.45398428731762064 0.4102941176470588 0.007856341189674524 0.006862745098039216
3 0.5263748597081931 0.4117647058823529 0.006734006734006734 0.0058823529411764705
3 0.39674523007856344 0.41568627450980394 0.007856341189674524 0.0058823529411764705
3 0.3984287317620651 0.41862745098039217 0.004489337822671156 0.00392156862745098
1 0.49158249158249157 0.4343137254901961 0.2558922558922559 0.11568627450980393
3 0.5718294051627385 0.471078431372549 0.007856341189674524 0.004901960784313725
3 0.5735129068462402 0.4745098039215686 0.006734006734006734 0.00392156862745098
3 0.46352413019079686 0.47794117647058826 0.006734006734006734 0.004901960784313725
3 0.46464646464646464 0.48137254901960785 0.004489337822671156 0.00392156862745098
2 0.7250280583613917 0.5725490196078431 0.4219977553310887 0.19411764705882353
2 0.2716049382716049 0.5852941176470589 0.388327721661055 0.1784313725490196