2 0.4908854166666667 0.3277777777777778 0.027604166666666666 0.21851851851851853
0 0.52109375 0.3365740740740741 0.0578125 0.17685185185185184
3 0.5213541666666667 0.40555555555555556 0.009375 0.016666666666666666
3 0.5078125 0.4060185185185185 0.009375 0.01574074074074074
2 0.3690104166666667 0.4217592592592593 0.17760416666666667 0.1712962962962963
0 0.6041666666666666 0.42824074074074076 0.1125 0.2675925925925926
2 0.5109375 0.43842592592592594 0.0375 0.03796296296296296
3 0.47734375 0.44583333333333336 0.008854166666666666 0.019444444444444445
3 0.48411458333333335 0.45416666666666666 0.009895833333333333 0.017592592592592594
3 0.4703125 0.4675925925925926 0.010416666666666666 0.016666666666666666
3 0.4765625 0.4773148148148148 0.009375 0.019444444444444445
3 0.41953125 0.49583333333333335 0.0078125 0.01574074074074074
2 0.5169270833333334 0.5013888888888889 0.044270833333333336 0.06944444444444445
3 0.425 0.5046296296296297 0.009375 0.014814814814814815
1 0.4895833333333333 0.5092592592592593 0.146875 0.18703703703703703
3 0.4127604166666667 0.5143518518518518 0.0067708333333333336 0.01574074074074074
0 0.5184895833333333 0.5231481481481481 0.0640625 0.1037037037037037
3 0.41875 0.524537037037037 0.009375 0.017592592592592594
2 0.5434895833333333 0.5351851851851852 0.03697916666666667 0.046296296296296294
3 0.5067708333333333 0.5680555555555555 0.011458333333333333 0.01574074074074074
3 0.5216145833333333 0.5689814814814815 0.0109375 0.01574074074074074
2 0.5700520833333333 0.5699074074074074 0.08489583333333334 0.0824074074074074
0 0.5950520833333334 0.575462962962963 0.05364583333333333 0.15462962962962962
3 0.521875 0.5787037037037037 0.010416666666666666 0.014814814814814815
3 0.5065104166666666 0.5805555555555556 0.009895833333333333 0.012962962962962963
3 0.44609375 0.6046296296296296 0.009895833333333333 0.014814814814814815
3 0.459375 0.6055555555555555 0.009375 0.012962962962962963
3 0.46015625 0.6125 0.008854166666666666 0.013888888888888888
3 0.4471354166666667 0.6138888888888889 0.0078125 0.012962962962962963
2 0.48463541666666665 0.7444444444444445 0.033854166666666664 0.32592592592592595