2 0.13875 0.3139269406392694 0.27 0.2945205479452055
2 0.236875 0.3755707762557078 0.25875 0.2945205479452055
2 0.3275 0.4394977168949772 0.2525 0.2808219178082192
1 0.679375 0.4394977168949772 0.53125 0.8242009132420092
2 0.569375 0.502283105022831 0.06375 0.1780821917808219
2 0.41375 0.5045662100456622 0.2475 0.2694063926940639
2 0.4825 0.6289954337899544 0.0575 0.13470319634703196
2 0.69375 0.7031963470319634 0.21 0.2876712328767123
2 0.576875 0.7168949771689498 0.09375 0.1095890410958904
2 0.761875 0.752283105022831 0.20625 0.2853881278538813
2 0.824375 0.8025114155251142 0.20125 0.271689497716895
2 0.885 0.8447488584474886 0.1925 0.2694063926940639
0 0.825625 0.1461187214611872 0.10375 0.2100456621004566