0 0.372802734375 0.2782118055555556 0.21337890625 0.3532986111111111
0 0.727783203125 0.2942708333333333 0.22802734375 0.3645833333333333
2 0.64794921875 0.5199652777777778 0.08203125 0.11631944444444445
2 0.8642578125 0.5811631944444444 0.1748046875 0.0859375
1 0.727783203125 0.5950520833333334 0.10302734375 0.2595486111111111
1 0.371826171875 0.6059027777777778 0.10205078125 0.25
0 0.642333984375 0.6276041666666666 0.07275390625 0.09895833333333333
0 0.819580078125 0.6775173611111112 0.08154296875 0.11371527777777778
2 0.593505859375 0.6783854166666666 0.17919921875 0.08246527777777778
0 0.697021484375 0.7239583333333334 0.07763671875 0.1267361111111111
2 0.793212890625 0.7287326388888888 0.10888671875 0.1362847222222222
3 0.373779296875 0.7556423611111112 0.02099609375 0.03211805555555555
3 0.119873046875 0.7565104166666666 0.02587890625 0.0390625
3 0.72802734375 0.7573784722222222 0.021484375 0.030381944444444444
3 0.07177734375 0.7734375 0.033203125 0.043402777777777776
3 0.168212890625 0.7747395833333334 0.03271484375 0.04079861111111111