2 0.5094991364421416 0.21362372567191845 0.18422567645365573 0.20481927710843373
3 0.6496833621185952 0.27571825764596847 0.012089810017271158 0.015755329008341055
3 0.639608520437536 0.29471733086190915 0.012665515256188831 0.016682113067655237
3 0.6162924582613701 0.298887859128823 0.014392630972941854 0.015755329008341055
3 0.6905584340817501 0.35078776645041704 0.013241220495106506 0.019462465245597776
3 0.43293033966609096 0.41890639481000924 0.014968336211859529 0.020389249304911955
3 0.41796200345423146 0.4425393883225209 0.014968336211859529 0.019462465245597776
3 0.7095567069660333 0.45597775718257644 0.012089810017271158 0.022242817423540315
3 0.6925734024179621 0.49304911955514363 0.013816925734024179 0.020389249304911955
3 0.7086931491076569 0.5041705282669138 0.011514104778353483 0.020389249304911955
1 0.5826309729418537 0.5149860982391102 0.48416810592976395 0.5097312326227988
3 0.7061024755325274 0.5676552363299351 0.014392630972941854 0.021316033364226137
3 0.4867587795048935 0.6195551436515292 0.01669545192861255 0.025023169601482854
3 0.5069084628670121 0.6306765523632993 0.015544041450777202 0.019462465245597776
3 0.3471502590673575 0.6533827618164968 0.04835924006908463 0.0778498609823911
3 0.4689119170984456 0.6607970342910102 0.018998272884283247 0.024096385542168676
3 0.48762233736327 0.670064874884152 0.012665515256188831 0.027803521779425393
2 0.5719631548647093 0.7594995366079703 0.15947035118019573 0.15477293790546803