2 0.73875 0.3333333333333333 0.09 0.06444444444444444
2 0.456875 0.34833333333333333 0.05625 0.056666666666666664
2 0.3803125 0.38222222222222224 0.071875 0.07777777777777778
2 0.414375 0.47833333333333333 0.13375 0.10555555555555556
2 0.3415625 0.5216666666666666 0.043125 0.03666666666666667
1 0.5470125 0.5415444444444444 0.2725 0.35555555555555557
2 0.2609375 0.5672222222222222 0.048125 0.03888888888888889
2 0.2146875 0.595 0.046875 0.06555555555555556
2 0.1584375 0.6133333333333333 0.018125 0.057777777777777775
2 0.3196875 0.6411111111111111 0.090625 0.08222222222222222
2 0.47 0.6544444444444445 0.01875 0.02666666666666667
2 0.4396875 0.6761111111111111 0.021875 0.021111111111111112
2 0.261875 0.6872222222222222 0.085 0.09888888888888889
2 0.1834375 0.7405555555555555 0.080625 0.11666666666666667
2 0.096875 0.75 0.08 0.2577777777777778