3 0.15869140625 0.4670138888888889 0.00439453125 0.006076388888888889
3 0.5458984375 0.4678819444444444 0.00390625 0.006944444444444444
0 0.6142578125 0.4730902777777778 0.01806640625 0.03993055555555555
3 0.54931640625 0.4748263888888889 0.00439453125 0.006944444444444444
3 0.154296875 0.4748263888888889 0.0048828125 0.006944444444444444
3 0.1630859375 0.4748263888888889 0.00439453125 0.006944444444444444
3 0.54150390625 0.4756944444444444 0.00390625 0.006076388888888889
3 0.54931640625 0.4887152777777778 0.00439453125 0.006076388888888889
3 0.54150390625 0.4887152777777778 0.00439453125 0.006944444444444444
3 0.154296875 0.4887152777777778 0.00439453125 0.005208333333333333
3 0.1630859375 0.4895833333333333 0.0048828125 0.006076388888888889
1 0.67578125 0.5008680555555556 0.46728515625 0.1284722222222222
1 0.25 0.5008680555555556 0.3525390625 0.18055555555555555
3 0.5498046875 0.5026041666666666 0.00390625 0.006944444444444444
3 0.5419921875 0.5026041666666666 0.00439453125 0.006944444444444444
3 0.1630859375 0.5034722222222222 0.00439453125 0.006944444444444444
3 0.15478515625 0.5034722222222222 0.0048828125 0.006076388888888889
3 0.54150390625 0.5173611111111112 0.00439453125 0.006944444444444444
3 0.54931640625 0.5173611111111112 0.00390625 0.006944444444444444
3 0.15478515625 0.5182291666666666 0.00439453125 0.006944444444444444
3 0.1630859375 0.5182291666666666 0.0048828125 0.006944444444444444
0 0.61474609375 0.5303819444444444 0.017578125 0.03819444444444445
3 0.5498046875 0.53125 0.00390625 0.006076388888888889
3 0.54150390625 0.53125 0.00390625 0.006076388888888889
3 0.16357421875 0.5321180555555556 0.00439453125 0.006944444444444444
3 0.1552734375 0.5321180555555556 0.00537109375 0.006076388888888889
3 0.54541015625 0.5381944444444444 0.0029296875 0.006944444444444444
3 0.1591796875 0.5399305555555556 0.00439453125 0.006944444444444444
3 0.5439453125 0.5703125 0.00341796875 0.0078125
3 0.19775390625 0.5850694444444444 0.00390625 0.005208333333333333
3 0.19287109375 0.5876736111111112 0.0048828125 0.005208333333333333
3 0.18798828125 0.5885416666666666 0.0048828125 0.005208333333333333
3 0.181640625 0.5902777777777778 0.0048828125 0.006944444444444444
2 0.66845703125 0.6440972222222222 0.0205078125 0.1736111111111111
2 0.75146484375 0.7013888888888888 0.06298828125 0.2847222222222222
2 0.85546875 0.7013888888888888 0.0654296875 0.2847222222222222
2 0.31005859375 0.7248263888888888 0.0625 0.2803819444444444
2 0.20947265625 0.7256944444444444 0.06396484375 0.2803819444444444
2 0.30615234375 0.2690972222222222 0.0634765625 0.2925347222222222
2 0.20166015625 0.2699652777777778 0.06591796875 0.2942708333333333
2 0.86083984375 0.2942708333333333 0.06689453125 0.2960069444444444
2 0.7548828125 0.2960069444444444 0.06298828125 0.2977430555555556
2 0.67138671875 0.3532986111111111 0.02001953125 0.1753472222222222
3 0.17919921875 0.4114583333333333 0.0048828125 0.006944444444444444
3 0.18603515625 0.4123263888888889 0.0048828125 0.005208333333333333
3 0.1904296875 0.4131944444444444 0.00537109375 0.005208333333333333
3 0.1953125 0.4140625 0.0048828125 0.005208333333333333
3 0.5439453125 0.4322916666666667 0.00390625 0.006944444444444444