3 0.34068627450980393 0.46356275303643724 0.08333333333333333 0.06882591093117409
3 0.6519607843137255 0.46963562753036436 0.0784313725490196 0.05668016194331984
3 0.1715686274509804 0.46963562753036436 0.08823529411764706 0.06477732793522267
3 0.8088235294117647 0.4716599190283401 0.0784313725490196 0.05263157894736842
3 0.25735294117647056 0.5344129554655871 0.08333333333333333 0.06477732793522267
3 0.7352941176470589 0.5384615384615384 0.06862745098039216 0.0728744939271255
3 0.7205882352941176 0.645748987854251 0.0784313725490196 0.06072874493927125
3 0.23774509803921567 0.6497975708502024 0.08333333333333333 0.06072874493927125
3 0.8137254901960784 0.708502024291498 0.0784313725490196 0.05668016194331984
3 0.33578431372549017 0.7105263157894737 0.06372549019607843 0.05263157894736842
3 0.2034313725490196 0.7226720647773279 0.10294117647058823 0.07692307692307693
3 0.6936274509803921 0.7246963562753036 0.09313725490196079 0.08097165991902834
3 0.8088235294117647 0.7793522267206477 0.09803921568627451 0.07692307692307693
3 0.31862745098039214 0.7834008097165992 0.08823529411764706 0.08502024291497975
3 0.2647058823529412 0.16396761133603238 0.0784313725490196 0.05263157894736842
3 0.7475490196078431 0.1680161943319838 0.06372549019607843 0.06072874493927125
3 0.3284313725490196 0.20242914979757085 0.08823529411764706 0.0728744939271255
3 0.8137254901960784 0.20445344129554655 0.08823529411764706 0.06072874493927125
3 0.6470588235294118 0.21862348178137653 0.0784313725490196 0.0728744939271255
3 0.16176470588235295 0.21862348178137653 0.08823529411764706 0.06477732793522267
3 0.7034313725490197 0.2591093117408907 0.07352941176470588 0.0728744939271255
3 0.2181372549019608 0.2611336032388664 0.07352941176470588 0.06882591093117409
3 0.25735294117647056 0.3967611336032389 0.07352941176470588 0.0728744939271255
3 0.7450980392156863 0.39878542510121456 0.0784313725490196 0.06072874493927125