2 0.3254189944134078 0.3273291925465838 0.09497206703910614 0.08571428571428572
2 0.672486033519553 0.4043478260869565 0.07402234636871509 0.09565217391304348
2 0.770949720670391 0.4062111801242236 0.09217877094972067 0.11925465838509317
2 0.16061452513966482 0.4161490683229814 0.19832402234636873 0.1093167701863354
2 0.24755586592178772 0.4434782608695652 0.1808659217877095 0.12422360248447205
2 0.6176675977653632 0.5633540372670808 0.06773743016759777 0.2124223602484472
2 0.6888966480446927 0.5782608695652174 0.06354748603351955 0.23478260869565218
2 0.7789804469273743 0.615527950310559 0.09427374301675978 0.24472049689440994
2 0.8554469273743017 0.6409937888198758 0.13128491620111732 0.28322981366459626
2 0.40817039106145253 0.7366459627329193 0.06215083798882681 0.0670807453416149
2 0.3729050279329609 0.7968944099378882 0.09078212290502793 0.10062111801242236
2 0.5164106145251397 0.7975155279503106 0.08449720670391062 0.07204968944099378
2 0.48463687150837986 0.8627329192546583 0.10335195530726257 0.1031055900621118