0 0.07227722772277227 0.162109375 0.0297029702970297 0.01953125
1 0.11782178217821782 0.16943359375 0.06732673267326733 0.0771484375
0 0.07425742574257425 0.17041015625 0.02574257425742574 0.0185546875
2 0.21336633663366336 0.21435546875 0.14356435643564355 0.0888671875
0 0.4896039603960396 0.2666015625 0.04455445544554455 0.02734375
2 0.3688118811881188 0.26806640625 0.11188118811881188 0.0693359375
1 0.41336633663366334 0.30126953125 0.07227722772277227 0.0830078125
2 0.4594059405940594 0.32861328125 0.11089108910891089 0.0712890625
2 0.11683168316831684 0.34912109375 0.12673267326732673 0.1005859375
0 0.21188118811881188 0.369140625 0.07722772277227723 0.05078125
0 0.28415841584158413 0.37158203125 0.041584158415841586 0.0283203125
1 0.21138613861386138 0.40869140625 0.0702970297029703 0.0615234375
0 0.13861386138613863 0.4580078125 0.041584158415841586 0.033203125
2 0.29504950495049503 0.4619140625 0.14653465346534653 0.099609375