3 0.5921052631578947 0.31138040042149634 0.011278195488721804 0.022128556375131718
3 0.44799498746867167 0.3119072708113804 0.012531328320802004 0.023182297154899896
2 0.7719298245614035 0.3314014752370917 0.3082706766917293 0.0916754478398314
2 0.26597744360902253 0.33245521601685984 0.3076441102756892 0.08956796628029505
3 0.6030701754385965 0.3350895679662803 0.011904761904761904 0.01685985247629083
3 0.43765664160401 0.3361433087460485 0.011904761904761904 0.02107481559536354
3 0.581140350877193 0.33667017913593256 0.010651629072681704 0.01791359325605901
3 0.4605263157894737 0.33719704952581664 0.013784461152882205 0.018967334035827187
3 0.4483082706766917 0.3587987355110643 0.011904761904761904 0.02423603793466807
3 0.5921052631578947 0.3624868282402529 0.012531328320802004 0.0273972602739726
1 0.5125313283208021 0.45341412012644894 0.2669172932330827 0.5458377239199157
3 0.4680451127819549 0.5463645943097998 0.012531328320802004 0.02423603793466807
3 0.5708020050125313 0.5463645943097998 0.012531328320802004 0.02423603793466807
3 0.5808270676691729 0.5700737618545838 0.013784461152882205 0.018967334035827187
3 0.4573934837092732 0.5706006322444679 0.012531328320802004 0.01791359325605901
3 0.48120300751879697 0.5721812434141201 0.012531328320802004 0.02107481559536354
3 0.5598370927318296 0.5721812434141201 0.010651629072681704 0.018967334035827187
3 0.46898496240601506 0.5943097997892518 0.013157894736842105 0.023182297154899896
3 0.5708020050125313 0.59536354056902 0.012531328320802004 0.02528977871443625
3 0.5178571428571429 0.7629083245521602 0.03696741854636591 0.037934668071654375