2 0.68828125 0.2574074074074074 0.27760416666666665 0.2388888888888889
3 0.51171875 0.3263888888888889 0.009895833333333333 0.021296296296296296
3 0.5270833333333333 0.3421296296296296 0.013541666666666667 0.019444444444444445
3 0.5033854166666667 0.35 0.011979166666666667 0.018518518518518517
3 0.5192708333333333 0.36712962962962964 0.011458333333333333 0.026851851851851852
3 0.4 0.39537037037037037 0.010416666666666666 0.020370370370370372
3 0.40677083333333336 0.4115740740740741 0.009375 0.017592592592592594
3 0.3984375 0.425 0.008333333333333333 0.016666666666666666
3 0.40703125 0.43842592592592594 0.009895833333333333 0.021296296296296296
2 0.30321354166666664 0.5024722222222222 0.21197916666666666 0.1962962962962963
1 0.503734375 0.5080277777777777 0.24427083333333333 0.5055555555555555
3 0.5361979166666667 0.55 0.009895833333333333 0.024074074074074074
3 0.5510416666666667 0.5657407407407408 0.011458333333333333 0.018518518518518517
3 0.5270833333333333 0.575925925925926 0.011458333333333333 0.018518518518518517
3 0.542359375 0.5925925925925926 0.010416666666666666 0.024074074074074074
3 0.4552083333333333 0.5939814814814814 0.010416666666666666 0.019444444444444445
3 0.4630208333333333 0.6111111111111112 0.010416666666666666 0.018518518518518517
3 0.45234375 0.6208333333333333 0.0078125 0.019444444444444445
3 0.46171875 0.6361111111111111 0.008854166666666666 0.022222222222222223
3 0.538109375 0.7617314814814814 0.03697916666666667 0.046296296296296294