0 0.4909375 0.22833333333333333 0.044375 0.10555555555555556
0 0.3959375 0.25666666666666665 0.060625 0.12444444444444444
0 0.5596875 0.3427777777777778 0.033125 0.09222222222222222
2 0.51125 0.4272222222222222 0.06875 0.05444444444444444
2 0.4475 0.44222222222222224 0.04875 0.06666666666666667
0 0.340625 0.4811111111111111 0.07125 0.13555555555555557
2 0.5015625 0.49 0.055625 0.08444444444444445
2 0.4390625 0.49666666666666665 0.031875 0.07777777777777778
1 0.511875 0.4988888888888889 0.18 0.20444444444444446
0 0.58875 0.5133333333333333 0.02375 0.08444444444444445
2 0.5109375 0.5577777777777778 0.071875 0.06444444444444444
2 0.4496875 0.5622222222222222 0.049375 0.06
0 0.5621875 0.685 0.035625 0.09444444444444444
0 0.3909375 0.7305555555555555 0.063125 0.13
0 0.49 0.7894444444444444 0.045 0.11444444444444445