1 0.7359375 0.325 0.309375 0.5222222222222223
0 0.84140625 0.3277777777777778 0.0453125 0.12777777777777777
2 0.42109375 0.35555555555555557 0.0671875 0.2611111111111111
3 0.8203125 0.37916666666666665 0.040625 0.06944444444444445
0 0.90390625 0.3819444444444444 0.0671875 0.125
0 0.18125 0.41388888888888886 0.0375 0.12222222222222222
2 0.02890625 0.49166666666666664 0.0578125 0.2388888888888889
0 0.45859375 0.5013888888888889 0.0234375 0.05277777777777778
1 0.24453125 0.55 0.2203125 0.3055555555555556
3 0.14453125 0.6555555555555556 0.0171875 0.022222222222222223
0 0.4609375 0.6930555555555555 0.03125 0.33611111111111114
2 0.40234375 0.7027777777777777 0.0671875 0.3
2 0.59921875 0.725 0.3453125 0.3
0 0.15546875 0.7986111111111112 0.0765625 0.23055555555555557
3 0.78671875 0.09305555555555556 0.0265625 0.041666666666666664
2 0.73203125 0.9236111111111112 0.1296875 0.1527777777777778
0 0.8390625 0.1486111111111111 0.028125 0.14166666666666666
0 0.9 0.18611111111111112 0.059375 0.07222222222222222
0 0.51328125 0.24444444444444444 0.1109375 0.38333333333333336