2 0.7401628222523745 0.285132382892057 0.05834464043419267 0.22810590631364563
2 0.1587516960651289 0.31568228105906315 0.3175033921302578 0.4684317718940937
0 0.8154681139755766 0.41140529531568226 0.021709633649932156 0.05295315682281059
2 0.7408412483039348 0.41446028513238287 0.05970149253731343 0.08757637474541752
1 0.762550881953867 0.439918533604888 0.10854816824966079 0.1425661914460285
0 0.3995929443690638 0.4511201629327902 0.04477611940298507 0.10386965376782077
1 0.5020352781546812 0.5590631364562119 0.27951153324287653 0.34419551934826886
0 0.8222523744911805 0.5967413441955194 0.04341926729986431 0.3340122199592668
2 0.728629579375848 0.6181262729124236 0.06512890094979647 0.31568228105906315
2 0.7930800542740841 0.8116089613034623 0.35956580732700133 0.37678207739307534
0 0.36092265943012214 0.8126272912423625 0.11397557666214382 0.24439918533604887