2 0.68515625 0.2520833333333333 0.03125 0.10972222222222222
0 0.65625 0.3236111111111111 0.0125 0.022222222222222223
1 0.66796875 0.33194444444444443 0.0140625 0.027777777777777776
3 0.668359375 0.33194444444444443 0.00703125 0.011111111111111112
0 0.68046875 0.33958333333333335 0.0125 0.020833333333333332
2 0.65234375 0.40902777777777777 0.03125 0.10694444444444444
2 0.1671875 0.4326388888888889 0.334375 0.3375
2 0.451953125 0.4861111111111111 0.04453125 0.11388888888888889
0 0.423046875 0.5222222222222223 0.02890625 0.1361111111111111
1 0.4265625 0.6138888888888889 0.121875 0.19166666666666668
3 0.408984375 0.6305555555555555 0.06015625 0.10555555555555556
0 0.371875 0.7701388888888889 0.0578125 0.16527777777777777
2 0.72578125 0.8180555555555555 0.428125 0.3638888888888889