2 0.176171875 0.2263888888888889 0.03515625 0.33611111111111114
2 0.584375 0.4041666666666667 0.01875 0.16666666666666666
0 0.21640625 0.4444444444444444 0.0328125 0.05
1 0.180078125 0.48055555555555557 0.05390625 0.07222222222222222
3 0.1609375 0.48194444444444445 0.0203125 0.05277777777777778
0 0.198046875 0.48194444444444445 0.05078125 0.025
0 0.565234375 0.5013888888888889 0.01484375 0.030555555555555555
3 0.579296875 0.5020833333333333 0.00546875 0.009722222222222222
1 0.584375 0.5027777777777778 0.0234375 0.027777777777777776
0 0.608203125 0.5034722222222222 0.02421875 0.0375
2 0.584765625 0.5979166666666667 0.01953125 0.1625
2 0.181640625 0.7305555555555555 0.03515625 0.3333333333333333