0 0.3895 0.25181950509461426 0.033 0.05967976710334789
3 0.496 0.2940320232896652 0.004 0.004366812227074236
3 0.49975 0.29475982532751094 0.0035 0.004366812227074236
2 0.60325 0.3624454148471616 0.1485 0.16739446870451238
1 0.465 0.423216885007278 0.167 0.29912663755458513
3 0.42825 0.4359534206695779 0.0035 0.005822416302765648
3 0.432 0.4366812227074236 0.004 0.004366812227074236
3 0.439 0.44395924308588064 0.004 0.005822416302765648
3 0.43075 0.4457787481804949 0.0035 0.005094614264919942
3 0.434 0.4468704512372635 0.004 0.005822416302765648
2 0.302 0.48580786026200873 0.199 0.18704512372634644
3 0.539 0.5651382823871907 0.043 0.07641921397379912
3 0.45025 0.5826055312954876 0.0205 0.029839883551673944