1 0.6811989100817438 0.4018867924528302 0.1335149863760218 0.27547169811320754
0 0.4843324250681199 0.4037735849056604 0.04223433242506812 0.1660377358490566
3 0.7370572207084468 0.41509433962264153 0.02997275204359673 0.06792452830188679
2 0.29768392370572205 0.49056603773584906 0.273841961852861 0.5962264150943396
2 0.36580381471389645 0.4962264150943396 0.03678474114441417 0.1320754716981132
2 0.30994550408719346 0.5094339622641509 0.03678474114441417 0.2037735849056604
2 0.7459128065395095 0.6113207547169811 0.03678474114441417 0.24150943396226415
2 0.6961852861035422 0.6735849056603773 0.04087193460490463 0.30566037735849055
1 0.5987738419618529 0.6981132075471698 0.06403269754768393 0.4528301886792453
2 0.6580381471389646 0.7150943396226415 0.08174386920980926 0.16981132075471697
2 0.5143051771117166 0.8811320754716981 0.11035422343324251 0.22264150943396227
2 0.747275204359673 0.16037735849056603 0.03678474114441417 0.2830188679245283
2 0.6948228882833788 0.1792452830188679 0.04087193460490463 0.29056603773584905
2 0.6055858310626703 0.3132075471698113 0.14032697547683923 0.4
1 0.48569482288828336 0.36792452830188677 0.11035422343324251 0.18490566037735848
1 0.5722070844686649 0.3754716981132076 0.10626702997275204 0.17735849056603772