3 0.19011627906976744 0.4847715736040609 0.0872093023255814 0.3096446700507614
3 0.1063953488372093 0.4949238578680203 0.06162790697674419 0.2436548223350254
3 0.413953488372093 0.5139593908629442 0.2744186046511628 0.5050761421319797
3 0.07732558139534884 0.5177664974619289 0.04534883720930233 0.20812182741116753
3 0.13662790697674418 0.5241116751269036 0.04534883720930233 0.2766497461928934
3 0.26569767441860465 0.567258883248731 0.11511627906976744 0.42385786802030456
3 0.29186046511627906 0.06218274111675127 0.03488372093023256 0.10913705583756345
3 0.2575581395348837 0.08883248730964467 0.01744186046511628 0.05583756345177665
3 0.32325581395348835 0.11802030456852793 0.020930232558139535 0.0583756345177665
3 0.7825581395348837 0.19289340101522842 0.018604651162790697 0.08121827411167512
3 0.8104651162790698 0.19796954314720813 0.01627906976744186 0.07106598984771574
3 0.8 0.20939086294416243 0.023255813953488372 0.08375634517766498