3 0.9533333333333334 0.1975 0.09333333333333334 0.22833333333333333
3 0.034444444444444444 0.21333333333333335 0.06888888888888889 0.22333333333333333
3 0.4855555555555556 0.3325 0.22444444444444445 0.32166666666666666
3 0.24333333333333335 0.3358333333333333 0.10444444444444445 0.16833333333333333
3 0.7288888888888889 0.3375 0.10444444444444445 0.155
3 0.6311111111111111 0.4708333333333333 0.20444444444444446 0.30833333333333335
3 0.3388888888888889 0.4716666666666667 0.2111111111111111 0.31
3 0.48277777777777775 0.6333333333333333 0.1988888888888889 0.22333333333333333
3 0.8783333333333333 0.0725 0.24333333333333335 0.145
3 0.6922222222222222 0.72 0.08666666666666667 0.16666666666666666
3 0.2788888888888889 0.7291666666666666 0.08666666666666667 0.155
3 0.9055555555555556 0.7466666666666667 0.18444444444444444 0.24333333333333335
3 0.07555555555555556 0.7475 0.1511111111111111 0.2683333333333333
3 0.10944444444444444 0.07583333333333334 0.21888888888888888 0.15166666666666667
3 0.2038888888888889 0.8533333333333334 0.17888888888888888 0.24666666666666667
3 0.7605555555555555 0.865 0.17666666666666667 0.21
3 0.9616666666666667 0.8941666666666667 0.07666666666666666 0.13833333333333334
3 0.020555555555555556 0.9191666666666667 0.04111111111111111 0.115
3 0.09722222222222222 0.9441666666666667 0.17666666666666667 0.11166666666666666
3 0.8661111111111112 0.9533333333333334 0.17222222222222222 0.09333333333333334