0 0.3238897396630934 0.4030612244897959 0.02909647779479326 0.026530612244897958
0 0.49387442572741197 0.41122448979591836 0.03522205206738132 0.03469387755102041
0 0.23966309341500766 0.44285714285714284 0.016845329249617153 0.0326530612244898
3 0.6921898928024502 0.463265306122449 0.030627871362940276 0.04897959183673469
1 0.5941807044410413 0.47551020408163264 0.19601837672281777 0.20816326530612245
2 0.28254211332312407 0.5530612244897959 0.41807044410413474 0.32653061224489793
0 0.5490045941807045 0.5826530612244898 0.02909647779479326 0.022448979591836733
1 0.3208269525267994 0.6265306122448979 0.3108728943338438 0.45714285714285713
2 0.7741194486983155 0.6336734693877552 0.32006125574272587 0.2714285714285714
0 0.20367534456355282 0.6959183673469388 0.10413476263399694 0.1673469387755102
0 0.4663093415007657 0.7306122448979592 0.03215926493108729 0.06938775510204082
2 0.15390505359877488 0.746938775510204 0.19754977029096477 0.15918367346938775
0 0.42649310872894336 0.7714285714285715 0.022970903522205207 0.04897959183673469
0 0.39203675344563554 0.8112244897959183 0.039816232771822356 0.0836734693877551