0 0.49875311720698257 0.17271157167530224 0.059850374064837904 0.037996545768566495
0 0.3029925187032419 0.3635578583765112 0.05236907730673317 0.03626943005181347
0 0.2730673316708229 0.4119170984455959 0.04738154613466334 0.03626943005181347
2 0.2880299251870324 0.4162348877374784 0.33665835411471323 0.36614853195164077
0 0.3640897755610973 0.43955094991364424 0.04488778054862843 0.046632124352331605
3 0.49625935162094764 0.044905008635578586 0.06982543640897755 0.04835924006908463
0 0.3179551122194514 0.5189982728842832 0.04738154613466334 0.03626943005181347
2 0.729426433915212 0.531951640759931 0.4114713216957606 0.4421416234887737
1 0.4975062344139651 0.6105354058721935 0.4912718204488778 0.5889464594127807
2 0.8042394014962594 0.696027633851468 0.1970074812967581 0.037996545768566495
2 0.8241895261845387 0.7271157167530224 0.1770573566084788 0.04145077720207254
2 0.8316708229426434 0.7633851468048359 0.17206982543640897 0.055267702936096716
2 0.17331670822942644 0.770293609671848 0.286783042394015 0.08290155440414508
2 0.7344139650872819 0.8436960276338514 0.1571072319201995 0.11917098445595854
2 0.1970074812967581 0.8488773747841105 0.2543640897755611 0.13298791018998274
2 0.8291770573566085 0.8687392055267703 0.11221945137157108 0.1070811744386874
0 0.3740648379052369 0.15716753022452504 0.04987531172069826 0.037996545768566495
2 0.7219451371571073 0.17012089810017272 0.13216957605985039 0.23661485319516407