3 0.7255859375 0.6727272727272727 0.00927734375 0.013818181818181818
0 0.76171875 0.6865454545454546 0.01708984375 0.028363636363636365
3 0.63720703125 0.6894545454545454 0.00830078125 0.011636363636363636
0 0.439453125 0.7185454545454546 0.03271484375 0.05309090909090909
0 0.5068359375 0.8072727272727273 0.033203125 0.05818181818181818
0 0.45703125 0.8087272727272727 0.02685546875 0.05527272727272727
0 0.4111328125 0.8116363636363636 0.0390625 0.0669090909090909
0 0.34814453125 0.8414545454545455 0.0322265625 0.04654545454545454
2 0.59619140625 0.31054545454545457 0.66015625 0.6152727272727273
2 0.76123046875 0.4712727272727273 0.13916015625 0.1650909090909091
3 0.31103515625 0.5214545454545455 0.13671875 0.2727272727272727
1 0.4296875 0.5294545454545454 0.36865234375 0.5236363636363637
3 0.75390625 0.5367272727272727 0.0087890625 0.013818181818181818
3 0.63037109375 0.5512727272727272 0.0107421875 0.01309090909090909
1 0.703125 0.6196363636363637 0.14453125 0.17963636363636365
2 0.14013671875 0.6298181818181818 0.2177734375 0.21890909090909091