0 0.43129139072847683 0.20909090909090908 0.048013245033112585 0.05454545454545454
0 0.722682119205298 0.2101010101010101 0.018211920529801324 0.03232323232323232
0 0.6986754966887417 0.21414141414141413 0.019867549668874173 0.028282828282828285
0 0.5057947019867549 0.23535353535353534 0.054635761589403975 0.05454545454545454
0 0.3162251655629139 0.2595959595959596 0.052980132450331126 0.07474747474747474
0 0.18211920529801323 0.37777777777777777 0.059602649006622516 0.08888888888888889
0 0.3211920529801324 0.4171717171717172 0.06622516556291391 0.08686868686868687
2 0.9039735099337748 0.4404040404040404 0.1490066225165563 0.2787878787878788
1 0.45695364238410596 0.4535353535353535 0.7450331125827815 0.591919191919192
2 0.2259933774834437 0.8424242424242424 0.402317880794702 0.27474747474747474
2 0.2259933774834437 0.15858585858585858 0.30629139072847683 0.2686868686868687