3 0.80859375 0.3189873417721519 0.0296875 0.060759493670886074
3 0.84140625 0.3367088607594937 0.0203125 0.05063291139240506
3 0.43671875 0.3379746835443038 0.0328125 0.053164556962025315
3 0.4734375 0.3569620253164557 0.040625 0.060759493670886074
3 0.85390625 0.37848101265822787 0.0171875 0.04810126582278481
3 0.41420312499999995 0.4050632911392405 0.0390625 0.05063291139240506
3 0.8390625 0.43670886075949367 0.028125 0.05822784810126582
3 0.45639062499999994 0.45167088607594935 0.0296875 0.05569620253164557
3 0.50078125 0.6518987341772152 0.0234375 0.04810126582278481
3 0.11484375 0.6734177215189874 0.0296875 0.060759493670886074
3 0.54453125 0.6949367088607595 0.0359375 0.043037974683544304
3 0.109375 0.7164556962025317 0.040625 0.035443037974683546
3 0.478125 0.7278481012658228 0.0375 0.04810126582278481
3 0.51875 0.7531645569620253 0.03125 0.05822784810126582
3 0.11796875 0.7569620253164557 0.0328125 0.04050632911392405
3 0.1390625 0.7848101265822784 0.034375 0.060759493670886074