2 0.45790629575402636 0.3059895833333333 0.08857979502196194 0.3828125
3 0.49194729136163984 0.3971354166666667 0.01171303074670571 0.020833333333333332
3 0.5073206442166911 0.404296875 0.013177159590043924 0.01953125
0 0.46449487554904834 0.439453125 0.07540263543191801 0.16015625
3 0.42093704245973645 0.458984375 0.013177159590043924 0.022135416666666668
3 0.4260614934114202 0.478515625 0.013177159590043924 0.022135416666666668
3 0.4059297218155198 0.4791666666666667 0.012445095168374817 0.020833333333333332
3 0.41178623718887264 0.5 0.013909224011713031 0.026041666666666668
1 0.48499267935578333 0.54296875 0.0739385065885798 0.09895833333333333
0 0.568814055636896 0.548828125 0.1273792093704246 0.31640625
3 0.4443631039531479 0.6875 0.013177159590043924 0.020833333333333332
3 0.46266471449487556 0.697265625 0.013177159590043924 0.022135416666666668
2 0.5201317715959004 0.7272135416666666 0.06954612005856516 0.2721354166666667