2 0.8046875 0.37124463519313305 0.06591796875 0.19599427753934193
2 0.677734375 0.3748211731044349 0.04541015625 0.19456366237482117
2 0.7177734375 0.37553648068669526 0.05224609375 0.19527896995708155
2 0.22802734375 0.376967095851216 0.06689453125 0.19241773962804007
2 0.76513671875 0.3776824034334764 0.0615234375 0.19814020028612303
2 0.3115234375 0.37839771101573677 0.0576171875 0.19098712446351931
2 0.34716796875 0.3798283261802575 0.05078125 0.19098712446351931
2 0.26806640625 0.3805436337625179 0.056640625 0.19241773962804007
1 0.54541015625 0.4206008583690987 0.0439453125 0.04363376251788269
1 0.4609375 0.4206008583690987 0.0703125 0.045064377682403435
1 0.51025390625 0.43490701001430615 0.03125 0.08726752503576538
2 0.22998046875 0.44849785407725323 0.04541015625 0.08011444921316166
2 0.32470703125 0.4492131616595136 0.0380859375 0.07939914163090128
2 0.6982421875 0.45493562231759654 0.037109375 0.0736766809728183
2 0.79736328125 0.45493562231759654 0.04638671875 0.07439198855507868
1 0.4462890625 0.4563662374821173 0.03125 0.045779685264663805
2 0.57568359375 0.5329041487839771 0.0205078125 0.032188841201716736
2 0.41015625 0.5400572246065808 0.029296875 0.05078683834048641
2 0.431640625 0.5407725321888412 0.0283203125 0.04935622317596566
2 0.45263671875 0.5414878397711016 0.02783203125 0.04864091559370529
2 0.5224609375 0.5436337625178826 0.12548828125 0.030758226037195996
2 0.591796875 0.5436337625178826 0.0224609375 0.05221745350500715
0 0.48876953125 0.5529327610872675 0.00830078125 0.013590844062947067
2 0.60888671875 0.5615164520743919 0.02587890625 0.060801144492131615
0 0.51171875 0.5901287553648069 0.00830078125 0.01072961373390558
2 0.30712890625 0.6573676680972819 0.0673828125 0.28183118741058655
2 0.16552734375 0.6602288984263234 0.09130859375 0.28469241773962806
2 0.21044921875 0.6616595135908441 0.083984375 0.2811158798283262
2 0.265625 0.6623748211731044 0.07275390625 0.28183118741058655
2 0.7587890625 0.6759656652360515 0.07421875 0.28397711015736765
2 0.71044921875 0.6759656652360515 0.0625 0.2811158798283262
2 0.814453125 0.6773962804005722 0.07958984375 0.2882689556509299
2 0.85791015625 0.6831187410586552 0.0859375 0.2882689556509299