2 0.7981818181818182 0.3183023872679045 0.18727272727272729 0.20424403183023873
2 0.9440909090909091 0.36538461538461536 0.11181818181818182 0.17374005305039789
0 0.3981 0.47546419098143233 0.09454545454545454 0.1286472148541114
2 0.6927272727272727 0.4907161803713528 0.4254545454545455 0.30238726790450926
0 0.32227272727272727 0.5258620689655172 0.09545454545454546 0.1206896551724138
2 0.8468181818181818 0.536472148541114 0.17727272727272728 0.16578249336870027
1 0.33954545454545454 0.7214854111405835 0.20454545454545456 0.3050397877984085
2 0.0809090909090909 0.7274535809018567 0.09636363636363636 0.10212201591511937
0 0.4894636363636363 0.7387267904509284 0.08272727272727273 0.129973474801061
0 0.4218181818181818 0.7393899204244032 0.05454545454545454 0.09151193633952255
2 0.1740909090909091 0.7519893899204244 0.2190909090909091 0.16976127320954906
2 0.05409090909090909 0.8183023872679045 0.08454545454545455 0.08753315649867374
2 0.14227272727272727 0.846816976127321 0.08818181818181818 0.08885941644562334