2 0.8511111111111112 0.4444444444444444 0.28888888888888886 0.16
1 0.5444444444444444 0.5311111111111111 0.29777777777777775 0.52
2 0.3022222222222222 0.5911111111111111 0.43555555555555553 0.24888888888888888
0 0.39555555555555555 0.7555555555555555 0.05333333333333334 0.08
0 0.6666666666666666 0.7777777777777778 0.07111111111111111 0.08888888888888889
0 0.56 0.7866666666666666 0.02666666666666667 0.06222222222222222
2 0.6955555555555556 0.23555555555555555 0.26222222222222225 0.10666666666666667
2 0.18888888888888888 0.2911111111111111 0.37777777777777777 0.13777777777777778
0 0.4066666666666667 0.3 0.022222222222222223 0.057777777777777775
2 0.7777777777777778 0.34 0.28444444444444444 0.15555555555555556
2 0.23333333333333334 0.43333333333333335 0.4311111111111111 0.21777777777777776