2 0.6229166666666667 0.35509259259259257 0.09791666666666667 0.08611111111111111
2 0.58203125 0.3768518518518518 0.09739583333333333 0.09259259259259259
2 0.534375 0.399537037037037 0.09583333333333334 0.10462962962962963
1 0.4390625 0.44907407407407407 0.209375 0.42592592592592593
2 0.7236979166666667 0.45231481481481484 0.1421875 0.13425925925925927
2 0.6770833333333334 0.48564814814814816 0.14270833333333333 0.15092592592592594
2 0.30052083333333335 0.5171296296296296 0.07291666666666667 0.1675925925925926
2 0.6247395833333333 0.5226851851851851 0.1421875 0.175
2 0.20911458333333333 0.5611111111111111 0.06927083333333334 0.19444444444444445
2 0.10286458333333333 0.6134259259259259 0.11197916666666667 0.2324074074074074
2 0.33307291666666666 0.7421296296296296 0.10885416666666667 0.33055555555555555
2 0.203125 0.8152777777777778 0.109375 0.36944444444444446
2 0.06588541666666667 0.8476851851851852 0.13177083333333334 0.30462962962962964