2 0.865909090909091 0.21286472148541113 0.06818181818181818 0.09416445623342175
1 0.8904545454545455 0.27320954907161804 0.07 0.03183023872679045
2 0.9081818181818182 0.2917771883289125 0.02727272727272727 0.01856763925729443
2 0.6918181818181818 0.31896551724137934 0.13636363636363635 0.13660477453580902
1 0.7559090909090909 0.4005305039787798 0.10454545454545454 0.07692307692307693
2 0.25272727272727274 0.42108753315649866 0.43636363636363634 0.4442970822281167
2 0.7904545454545454 0.42838196286472147 0.046363636363636364 0.03978779840848806
3 0.6931818181818182 0.553050397877984 0.02090909090909091 0.013262599469496022
3 0.6904545454545454 0.5709549071618037 0.015454545454545455 0.01989389920424403
3 0.6781818181818182 0.5769230769230769 0.01090909090909091 0.03183023872679045
0 0.6536363636363637 0.5809018567639257 0.05454545454545454 0.07427055702917772
1 0.5354545454545454 0.6306366047745358 0.3145454545454546 0.3912466843501326
0 0.6136363636363636 0.6319628647214854 0.05454545454545454 0.07559681697612732
2 0.6877272727272727 0.6710875331564987 0.22818181818181818 0.1909814323607427
0 0.5781818181818181 0.6737400530503979 0.04909090909090909 0.06896551724137931
0 0.5518181818181818 0.7095490716180372 0.04181818181818182 0.06896551724137931
0 0.5254545454545455 0.7453580901856764 0.04 0.06896551724137931
0 0.5009090909090909 0.7818302387267905 0.034545454545454546 0.0623342175066313