2 0.171875 0.23790951638065522 0.15416666666666667 0.19500780031201248
2 0.259375 0.27613104524180965 0.15416666666666667 0.19032761310452417
2 0.33697916666666666 0.3088923556942278 0.15729166666666666 0.1809672386895476
2 0.40625 0.33853354134165364 0.15416666666666667 0.17784711388455537
2 0.46770833333333334 0.36505460218408736 0.15208333333333332 0.17160686427457097
2 0.5244791666666667 0.3923556942277691 0.15104166666666666 0.16380655226209048
2 0.6895833333333333 0.4656786271450858 0.14166666666666666 0.14508580343213728
2 0.7265625 0.48049921996879874 0.13854166666666667 0.14040561622464898
2 0.7588541666666667 0.4953198127925117 0.13229166666666667 0.1357254290171607
2 0.7916666666666666 0.5101404056162246 0.12916666666666668 0.1310452418096724
2 0.8208333333333333 0.5241809672386896 0.12708333333333333 0.12792511700468018
2 0.8473958333333333 0.5343213728549142 0.128125 0.12324492979719189