2 0.7325102880658436 0.4831730769230769 0.23045267489711935 0.3605769230769231
1 0.5061728395061729 0.49759615384615385 0.4691358024691358 0.7836538461538461
2 0.2613168724279835 0.5432692307692307 0.20164609053497942 0.28846153846153844
2 0.8765432098765432 0.5600961538461539 0.23045267489711935 0.3701923076923077
2 0.6399176954732511 0.7475961538461539 0.20164609053497942 0.28365384615384615
2 0.7839506172839507 0.8293269230769231 0.1934156378600823 0.28365384615384615
2 0.20987654320987653 0.19471153846153846 0.2222222222222222 0.3605769230769231
2 0.5164609053497943 0.24278846153846154 0.18518518518518517 0.1875
2 0.3559670781893004 0.27403846153846156 0.2345679012345679 0.3557692307692308
2 0.6481481481481481 0.31490384615384615 0.11934156378600823 0.2644230769230769
2 0.11934156378600823 0.4639423076923077 0.205761316872428 0.30288461538461536