1 0.5222672064777328 0.4950980392156863 0.27530364372469635 0.7745098039215687
2 0.7368421052631579 0.6519607843137255 0.145748987854251 0.2549019607843137
2 0.8805668016194332 0.6544117647058824 0.14979757085020243 0.25
2 0.31376518218623484 0.6642156862745098 0.15789473684210525 0.25
2 0.16396761133603238 0.6666666666666666 0.14979757085020243 0.24509803921568626
2 0.4716599190283401 0.7205882352941176 0.06882591093117409 0.17647058823529413
0 0.3097165991902834 0.8970588235294118 0.24696356275303644 0.20588235294117646
0 0.5242914979757085 0.19117647058823528 0.2145748987854251 0.18627450980392157
2 0.8846153846153846 0.3553921568627451 0.15789473684210525 0.3284313725490196
2 0.7368421052631579 0.3602941176470588 0.15384615384615385 0.3284313725490196
2 0.3097165991902834 0.36519607843137253 0.15789473684210525 0.3284313725490196
2 0.16396761133603238 0.3700980392156863 0.14979757085020243 0.3284313725490196
2 0.4574898785425101 0.39950980392156865 0.1214574898785425 0.3382352941176471