2 0.40546875 0.31851851851851853 0.09947916666666666 0.04259259259259259
2 0.5276041666666667 0.34444444444444444 0.115625 0.09074074074074075
2 0.3776041666666667 0.37453703703703706 0.096875 0.075
2 0.50234375 0.39444444444444443 0.1234375 0.1
1 0.38125 0.4740740740740741 0.3145833333333333 0.14444444444444443
3 0.5317708333333333 0.5060185185185185 0.022916666666666665 0.03796296296296296
2 0.24427083333333333 0.5615740740740741 0.11041666666666666 0.10462962962962963
2 0.3921875 0.638425925925926 0.15729166666666666 0.1712962962962963
2 0.17604166666666668 0.6712962962962963 0.11458333333333333 0.1574074074074074
2 0.3302083333333333 0.7694444444444445 0.175 0.22777777777777777
3 0.20104166666666667 0.7805555555555556 0.017708333333333333 0.027777777777777776