2 0.45173961840628507 0.18333333333333332 0.15824915824915825 0.36666666666666664
2 0.6655443322109988 0.3990196078431373 0.1526374859708193 0.0784313725490196
2 0.3378226711560045 0.4034313725490196 0.15488215488215487 0.07156862745098039
3 0.45847362514029183 0.4176470588235294 0.03928170594837262 0.050980392156862744
3 0.5409652076318743 0.4308823529411765 0.04264870931537598 0.04803921568627451
0 0.8361391694725028 0.5186274509803922 0.25140291806958476 0.2627450980392157
1 0.5056116722783389 0.5245098039215687 0.20089786756453423 0.20392156862745098
0 0.1750841750841751 0.5313725490196078 0.2536475869809203 0.2627450980392157
3 0.4713804713804714 0.6151960784313726 0.04713804713804714 0.04607843137254902
3 0.5544332210998878 0.6279411764705882 0.038159371492704826 0.05
2 0.6705948372615039 0.6470588235294118 0.16049382716049382 0.06862745098039216
2 0.34287317620650953 0.6509803921568628 0.14927048260381592 0.07647058823529412
2 0.4663299663299663 0.8426470588235294 0.1627384960718294 0.31470588235294117