2 0.5525587828492393 0.19074778200253487 0.10096818810511757 0.38149556400506973
2 0.640387275242047 0.1958174904942966 0.09405255878284924 0.3916349809885932
2 0.8879668049792531 0.22370088719898606 0.030428769017980636 0.3231939163498099
0 0.6867219917012448 0.2249683143219265 0.0318118948824343 0.0063371356147021544
2 0.3872752420470263 0.23447401774397972 0.04149377593360996 0.2965779467680608
0 0.6908713692946058 0.26362484157160965 0.040110650069156296 0.0076045627376425855
2 0.9813278008298755 0.32509505703422054 0.03734439834024896 0.15335868187579213
2 0.38450899031811897 0.3643852978453739 0.13278008298755187 0.11787072243346007
0 0.6811894882434302 0.38339670468948034 0.017980636237897647 0.01394169835234474
0 0.661134163208852 0.3840304182509506 0.016597510373443983 0.012674271229404309
0 0.892807745504841 0.417617237008872 0.015214384508990318 0.011406844106463879
1 0.8340248962655602 0.435361216730038 0.33195020746887965 0.11787072243346007
2 0.38035961272475793 0.4385297845373891 0.23789764868603042 0.08871989860583017
0 0.2648686030428769 0.4461343472750317 0.3278008298755187 0.06337135614702155
0 0.7413554633471646 0.449936628643853 0.05255878284923928 0.043092522179974654
1 0.573997233748271 0.45287705956907476 0.18810511756569848 0.15335868187579213
0 0.892807745504841 0.45944233206590623 0.015214384508990318 0.016476552598225603
3 0.47994467496542187 0.4708491761723701 0.0636237897648686 0.062103929024081114
0 0.5795297372060858 0.5025348542458808 0.022130013831258646 0.024081115335868188
0 0.491701244813278 0.555766793409379 0.02351313969571231 0.026615969581749048
2 0.5961272475795297 0.564638783269962 0.1355463347164592 0.13054499366286437
2 0.979253112033195 0.6051964512040557 0.04149377593360996 0.26489226869455007
2 0.3879668049792531 0.6210392902408112 0.034578146611341634 0.2915082382762991
0 0.7102351313969572 0.6261089987325729 0.02074688796680498 0.012674271229404309
0 0.6991701244813278 0.6330798479087453 0.02351313969571231 0.01394169835234474
2 0.876210235131397 0.6400506970849176 0.02627939142461964 0.311787072243346
2 0.636237897648686 0.6812420785804816 0.08575380359612725 0.3916349809885932
2 0.549792531120332 0.7591888466413181 0.0954356846473029 0.4816223067173637