3 0.4951590594744122 0.38149556400506973 0.05255878284923928 0.08111533586818757
3 0.4017980636237898 0.42141951837769326 0.012448132780082987 0.008871989860583017
3 0.578838174273859 0.4296577946768061 0.012448132780082987 0.010139416983523447
3 0.3983402489626556 0.4543726235741445 0.016597510373443983 0.008871989860583017
3 0.5802213001383126 0.46261089987325726 0.015214384508990318 0.010139416983523447
3 0.4702627939142462 0.47655259822560203 0.03319502074688797 0.032953105196451206
3 0.5110650069156293 0.47655259822560203 0.034578146611341634 0.035487959442332066
2 0.10304287690179806 0.5006337135614702 0.20608575380359612 0.23827629911280102
1 0.48686030428769017 0.5031685678073511 0.1991701244813278 0.22053231939163498
2 0.8734439834024896 0.5335868187579215 0.25311203319502074 0.2332065906210393
3 0.39073305670816044 0.6108998732572877 0.009681881051175657 0.0076045627376425855
3 0.5677731673582296 0.6172370088719898 0.012448132780082987 0.0076045627376425855
0 0.47994467496542187 0.6337135614702155 0.14384508990318118 0.053231939163498096
0 0.4806362378976487 0.8041825095057035 0.02627939142461964 0.3916349809885932