2 0.5214384508990318 0.2858048162230672 0.16874135546334718 0.16096324461343473
2 0.3506224066390041 0.3700887198986058 0.14522821576763487 0.15716096324461343
2 0.48132780082987553 0.41508238276299114 0.16597510373443983 0.12801013941698353
2 0.6230982019363762 0.42902408111533585 0.13692946058091288 0.10519645120405577
1 0.47579529737206083 0.4543726235741445 0.16874135546334718 0.20152091254752852
0 0.4114799446749654 0.4619771863117871 0.02074688796680498 0.029150823827629912
0 0.40318118948824344 0.47782002534854245 0.03734439834024896 0.030418250950570342
2 0.38658367911479946 0.5076045627376425 0.02074688796680498 0.03929024081115336
0 0.5836791147994468 0.517743979721166 0.03872752420470263 0.031685678073510776
3 0.487551867219917 0.5247148288973384 0.015214384508990318 0.022813688212927757
3 0.5013831258644537 0.5291508238276299 0.015214384508990318 0.021546261089987327
3 0.45504840940525587 0.5373891001267427 0.013831258644536652 0.020278833967046894
3 0.49100968188105115 0.5392902408111534 0.011065006915629323 0.01394169835234474
3 0.41009681881051174 0.5595690747782003 0.02351313969571231 0.031685678073510776
3 0.4854771784232365 0.6641318124207858 0.08022130013831259 0.14195183776932827