0 0.18118948824343015 0.28073510773130544 0.3623789764868603 0.29784537389100124
3 0.49930843706777317 0.3200253485424588 0.016597510373443983 0.016476552598225603
3 0.49654218533886585 0.3320659062103929 0.016597510373443983 0.015209125475285171
3 0.4778699861687414 0.33396704689480355 0.02074688796680498 0.016476552598225603
3 0.5145228215767634 0.3365019011406844 0.022130013831258646 0.01394169835234474
0 0.8077455048409405 0.3650190114068441 0.38450899031811897 0.19771863117870722
1 0.4785615491009682 0.49619771863117873 0.343015214384509 0.30798479087452474
3 0.3063623789764869 0.550063371356147 0.02074688796680498 0.020278833967046894
3 0.31051175656984786 0.5703422053231939 0.017980636237897647 0.015209125475285171
3 0.2987551867219917 0.5760456273764258 0.019363762102351315 0.016476552598225603
3 0.6334716459197787 0.5817490494296578 0.022130013831258646 0.020278833967046894
3 0.3243430152143845 0.582382762991128 0.017980636237897647 0.021546261089987327
3 0.6244813278008299 0.6013941698352345 0.015214384508990318 0.01394169835234474
3 0.636237897648686 0.6096324461343473 0.022130013831258646 0.017743979721166033
3 0.607192254495159 0.6134347275031685 0.016597510373443983 0.020278833967046894
0 0.44398340248962653 0.8231939163498099 0.1078838174273859 0.35361216730038025