2 0.38865836791147995 0.21292775665399238 0.058091286307053944 0.42585551330798477
1 0.6161825726141079 0.2579214195183777 0.07330567081604426 0.3358681875792142
2 0.5622406639004149 0.2737642585551331 0.08437067773167359 0.30164765525982257
2 0.607192254495159 0.2870722433460076 0.024896265560165973 0.049429657794676805
2 0.686030428769018 0.29404309252217997 0.0912863070539419 0.043092522179974654
2 0.7752420470262794 0.2997465145754119 0.059474412171507604 0.24968314321926488
2 0.9114799446749654 0.3060836501901141 0.17704011065006917 0.28517110266159695
2 0.4654218533886584 0.31305449936628643 0.06224066390041494 0.20532319391634982
2 0.21507607192254496 0.4188846641318124 0.07883817427385892 0.07224334600760456
0 0.7420470262793915 0.44550063371356147 0.015214384508990318 0.008871989860583017
1 0.7828492392807745 0.45754119138149557 0.301521438450899 0.08871989860583017
1 0.475103734439834 0.4645120405576679 0.2697095435684647 0.10266159695817491
0 0.5110650069156293 0.47021546261089986 0.0318118948824343 0.02788339670468948
3 0.23582295988934993 0.47655259822560203 0.029045643153526972 0.032953105196451206
1 0.2883817427385892 0.47718631178707227 0.16459197786998617 0.062103929024081114
0 0.7441217150760719 0.48098859315589354 0.013831258644536652 0.008871989860583017
0 0.9370677731673582 0.4835234474017744 0.012448132780082987 0.011406844106463879
3 0.3644536652835408 0.49746514575411915 0.009681881051175657 0.016476552598225603
2 0.2994467496542185 0.5297845373891001 0.08437067773167359 0.08618504435994931
2 0.46680497925311204 0.596958174904943 0.06224066390041494 0.17997465145754118
1 0.6127247579529738 0.5988593155893536 0.07745504840940526 0.229404309252218
0 0.6687413554633471 0.6032953105196451 0.006915629322268326 0.010139416983523447
0 0.6459197786998617 0.605830164765526 0.011065006915629323 0.010139416983523447
2 0.7662517289073306 0.614702154626109 0.06085753803596127 0.24841571609632446
2 0.9059474412171508 0.6153358681875792 0.15767634854771784 0.2674271229404309
2 0.5601659751037344 0.6375158428390367 0.08575380359612725 0.29404309252217997
2 0.3914246196403873 0.7160963244613435 0.05532503457814661 0.40811153358681873