0 0.2542087542087542 0.13725490196078433 0.5084175084175084 0.27450980392156865
3 0.5364758698092031 0.29901960784313725 0.029180695847362513 0.01764705882352941
0 0.7441077441077442 0.31862745098039214 0.20426487093153758 0.11568627450980393
2 0.8580246913580247 0.39705882352941174 0.2839506172839506 0.19411764705882353
3 0.49158249158249157 0.4534313725490196 0.02244668911335578 0.014705882352941176
1 0.48484848484848486 0.48333333333333334 0.3771043771043771 0.3941176470588235
3 0.34287317620650953 0.492156862745098 0.02356902356902357 0.01568627450980392
0 0.7595398428731762 0.5112745098039215 0.2031425364758698 0.19117647058823528
3 0.5521885521885522 0.5544117647058824 0.031425364758698095 0.020588235294117647
3 0.5375982042648709 0.5897058823529412 0.017957351290684626 0.028431372549019607
2 0.15656565656565657 0.5990196078431372 0.31313131313131315 0.1607843137254902
3 0.30864197530864196 0.6372549019607843 0.020202020202020204 0.029411764705882353
3 0.49214365881032546 0.6387254901960784 0.037037037037037035 0.059803921568627454
3 0.6621773288439955 0.6774509803921569 0.02244668911335578 0.03137254901960784
3 0.45398428731762064 0.7127450980392157 0.014590347923681257 0.025490196078431372