2 0.7530864197530864 0.27990196078431373 0.42424242424242425 0.3558823529411765
0 0.35297418630751964 0.3465686274509804 0.20763187429854096 0.18137254901960784
0 0.5785634118967452 0.40784313725490196 0.07744107744107744 0.06274509803921569
3 0.47474747474747475 0.44509803921568625 0.008978675645342313 0.00784313725490196
3 0.49270482603815935 0.4455882352941177 0.008978675645342313 0.008823529411764706
3 0.4887766554433221 0.45784313725490194 0.005611672278338945 0.0058823529411764705
3 0.4270482603815937 0.4852941176470588 0.012345679012345678 0.00784313725490196
1 0.49326599326599324 0.49264705882352944 0.16722783389450055 0.16568627450980392
3 0.41301907968574636 0.5171568627450981 0.004489337822671156 0.004901960784313725
3 0.49382716049382713 0.5210784313725491 0.015712682379349047 0.022549019607843137
0 0.6268237934904601 0.5705882352941176 0.1941638608305275 0.1607843137254902
3 0.494949494949495 0.5862745098039216 0.01122334455667789 0.013725490196078431
2 0.2727272727272727 0.671078431372549 0.3546576879910213 0.27941176470588236