1 0.5907335907335908 0.5283505154639175 0.8185328185328186 0.5721649484536082
3 0.28378378378378377 0.6365979381443299 0.08108108108108109 0.12886597938144329
3 0.4362934362934363 0.6417525773195877 0.09266409266409266 0.12886597938144329
3 0.6158301158301158 0.07989690721649484 0.13513513513513514 0.15979381443298968
2 0.2084942084942085 0.8015463917525774 0.2084942084942085 0.18041237113402062
2 0.5965250965250966 0.8221649484536082 0.2277992277992278 0.25257731958762886
3 0.0945945945945946 0.9123711340206185 0.11196911196911197 0.13402061855670103
2 0.5733590733590733 0.2345360824742268 0.21235521235521235 0.22164948453608246
2 0.18532818532818532 0.25773195876288657 0.23938223938223938 0.1958762886597938
3 0.4343629343629344 0.39948453608247425 0.09652509652509653 0.13917525773195877
3 0.28378378378378377 0.43041237113402064 0.09652509652509653 0.11855670103092783
2 0.581081081081081 0.5128865979381443 0.16602316602316602 0.37628865979381443