0 0.48132780082987553 0.20912547528517111 0.367911479944675 0.2813688212927757
3 0.27385892116182575 0.49302915082382764 0.016597510373443983 0.020278833967046894
3 0.2883817427385892 0.49366286438529783 0.015214384508990318 0.019011406844106463
2 0.0656984785615491 0.49366286438529783 0.1313969571230982 0.2674271229404309
3 0.6687413554633471 0.508871989860583 0.015214384508990318 0.019011406844106463
3 0.6556016597510373 0.5101394169835235 0.016597510373443983 0.019011406844106463
2 0.8983402489626556 0.5190114068441065 0.2033195020746888 0.2572877059569075
3 0.40110650069156295 0.5361216730038023 0.11894882434301521 0.1394169835234474
3 0.5408022130013831 0.541191381495564 0.12448132780082988 0.13688212927756654
1 0.47648686030428766 0.711660329531052 0.49377593360995853 0.5766793409378961
0 0.45712309820193636 0.8219264892268695 0.02627939142461964 0.12547528517110265