1 0.4937888198757764 0.5079872204472844 0.8757763975155279 0.8498402555910544
3 0.468944099378882 0.05910543130990415 0.043478260869565216 0.022364217252396165
3 0.531055900621118 0.06070287539936102 0.043478260869565216 0.019169329073482427
3 0.42857142857142855 0.6597444089456869 0.049689440993788817 0.022364217252396165
3 0.5093167701863354 0.6613418530351438 0.049689440993788817 0.025559105431309903
2 0.8819875776397516 0.7747603833865815 0.08695652173913043 0.16932907348242812
2 0.11490683229813664 0.7779552715654952 0.09316770186335403 0.16932907348242812
3 0.7857142857142857 0.8274760383386581 0.031055900621118012 0.019169329073482427
3 0.18633540372670807 0.8274760383386581 0.024844720496894408 0.025559105431309903
3 0.2111801242236025 0.8274760383386581 0.024844720496894408 0.019169329073482427
3 0.8136645962732919 0.829073482428115 0.037267080745341616 0.01597444089456869
3 0.2546583850931677 0.8450479233226837 0.037267080745341616 0.01597444089456869
3 0.7329192546583851 0.8466453674121406 0.037267080745341616 0.019169329073482427
0 0.5714285714285714 0.9488817891373802 0.062111801242236024 0.04472843450479233
3 0.6677018633540373 0.950479233226837 0.06832298136645963 0.04792332268370607
3 0.33229813664596275 0.952076677316294 0.06832298136645963 0.051118210862619806
0 0.2795031055900621 0.17731629392971246 0.07453416149068323 0.03514376996805112
3 0.6677018633540373 0.1869009584664537 0.043478260869565216 0.022364217252396165
3 0.3385093167701863 0.1869009584664537 0.043478260869565216 0.01597444089456869
3 0.8913043478260869 0.22843450479233227 0.043478260869565216 0.01597444089456869
3 0.4813664596273292 0.22843450479233227 0.031055900621118012 0.022364217252396165
3 0.515527950310559 0.22843450479233227 0.024844720496894408 0.022364217252396165
3 0.10869565217391304 0.23003194888178913 0.043478260869565216 0.012779552715654952