3 0.22959889349930843 0.25602027883396705 0.027662517289073305 0.05576679340937896
3 0.2621023513139696 0.2579214195183777 0.029045643153526972 0.031685678073510776
3 0.2157676348547718 0.30925221799746516 0.03319502074688797 0.035487959442332066
3 0.49446749654218536 0.3181242078580482 0.34439834024896265 0.2585551330798479
3 0.7946058091286307 0.35297845373891 0.02351313969571231 0.029150823827629912
3 0.7876901798063624 0.3548795944233207 0.02627939142461964 0.058301647655259824
3 0.7683264177040111 0.41254752851711024 0.02627939142461964 0.044359949302915085
2 0.23236514522821577 0.42902408111533585 0.0912863070539419 0.17870722433460076
1 0.5076071922544951 0.49746514575411915 0.6085753803596127 0.6045627376425855
2 0.8457814661134163 0.5171102661596958 0.3084370677731674 0.26108998732572875
2 0.18464730290456433 0.7629911280101395 0.36929460580912865 0.34980988593155893
3 0.3969571230982019 0.8054499366286438 0.024896265560165973 0.05449936628643853
2 0.7088520055325035 0.8510773130544994 0.5131396957123098 0.29784537389100124