3 0.5518672199170125 0.5247148288973384 0.027662517289073305 0.017743979721166033
1 0.553941908713693 0.6875792141951838 0.37206085753803597 0.28517110266159695
2 0.3284923928077455 0.7927756653992395 0.08990318118948824 0.021546261089987327
2 0.7828492392807745 0.7953105196451205 0.09405255878284924 0.021546261089987327
2 0.24273858921161826 0.8086185044359949 0.26141078838174275 0.020278833967046894
2 0.8692946058091287 0.8130544993662865 0.26141078838174275 0.026615969581749048
2 0.2544951590594744 0.8346007604562737 0.3457814661134163 0.044359949302915085
2 0.8437067773167358 0.8384030418250951 0.31258644536652835 0.046894803548795945
2 0.40594744121715076 0.8567807351077313 0.29737206085753803 0.058301647655259824
2 0.7053941908713693 0.8574144486692015 0.3070539419087137 0.062103929024081114
0 0.5919778699861687 0.861850443599493 0.019363762102351315 0.022813688212927757
0 0.6141078838174274 0.8745247148288974 0.0912863070539419 0.06844106463878327
0 0.41562932226832644 0.8910012674271229 0.02074688796680498 0.015209125475285171
0 0.5532503457814661 0.9188846641318125 0.030428769017980636 0.16223067173637515