3 0.5027662517289073 0.3320659062103929 0.0318118948824343 0.025348542458808618
3 0.6272475795297372 0.33713561470215464 0.015214384508990318 0.030418250950570342
3 0.3748271092669433 0.33903675538656525 0.019363762102351315 0.031685678073510776
3 0.3561549100968188 0.3485424588086185 0.017980636237897647 0.02788339670468948
3 0.6535269709543569 0.3485424588086185 0.02074688796680498 0.032953105196451206
3 0.35408022130013833 0.37135614702154623 0.019363762102351315 0.020278833967046894
3 0.6576763485477178 0.37135614702154623 0.02074688796680498 0.020278833967046894
0 0.8354080221300139 0.385297845373891 0.2766251728907331 0.06337135614702155
0 0.1673582295988935 0.3865652724968314 0.2821576763485477 0.058301647655259824
1 0.5048409405255878 0.43979721166032953 0.30428769017980634 0.23574144486692014
3 0.6562932226832642 0.4803548795944233 0.012448132780082987 0.022813688212927757
3 0.35408022130013833 0.48098859315589354 0.011065006915629323 0.019011406844106463
2 0.5587828492392808 0.7756653992395437 0.7745504840940526 0.44866920152091255