0 0.7536475869809203 0.19019607843137254 0.18742985409652077 0.027450980392156862
0 0.35970819304152635 0.22549019607843138 0.17845117845117844 0.025490196078431372
3 0.558361391694725 0.23284313725490197 0.019079685746352413 0.020588235294117647
3 0.5364758698092031 0.23480392156862745 0.017957351290684626 0.018627450980392157
2 0.8658810325476992 0.24705882352941178 0.26823793490460157 0.10588235294117647
3 0.5628507295173962 0.2568627450980392 0.016835016835016835 0.025490196078431372
3 0.5409652076318743 0.25735294117647056 0.020202020202020204 0.024509803921568627
2 0.1936026936026936 0.30637254901960786 0.3872053872053872 0.10686274509803921
3 0.6728395061728395 0.3215686274509804 0.02356902356902357 0.01568627450980392
3 0.7031425364758698 0.32303921568627453 0.028058361391694726 0.018627450980392157
3 0.7042648709315376 0.3382352941176471 0.028058361391694726 0.01764705882352941
3 0.6728395061728395 0.33872549019607845 0.02132435465768799 0.016666666666666666
3 0.45173961840628507 0.34215686274509804 0.028058361391694726 0.01568627450980392
3 0.4214365881032548 0.34509803921568627 0.028058361391694726 0.0196078431372549
3 0.45342312008978675 0.35637254901960785 0.02244668911335578 0.016666666666666666
3 0.42312008978675647 0.3602941176470588 0.026936026936026935 0.016666666666666666
3 0.696969696969697 0.41911764705882354 0.020202020202020204 0.018627450980392157
3 0.6986531986531986 0.4377450980392157 0.016835016835016835 0.03235294117647059
3 0.4276094276094276 0.4392156862745098 0.02244668911335578 0.01764705882352941
3 0.42592592592592593 0.4602941176470588 0.019079685746352413 0.028431372549019607
1 0.5914702581369248 0.5240196078431373 0.4377104377104377 0.746078431372549
2 0.9326599326599326 0.6127450980392157 0.13468013468013468 0.22745098039215686
3 0.5852974186307519 0.6367647058823529 0.02356902356902357 0.03431372549019608
3 0.5527497194163861 0.638235294117647 0.02356902356902357 0.03529411764705882
2 0.14927048260381592 0.667156862745098 0.29854096520763185 0.23431372549019608
3 0.8108866442199776 0.7357843137254902 0.030303030303030304 0.018627450980392157
3 0.8131313131313131 0.753921568627451 0.030303030303030304 0.013725490196078431
3 0.3653198653198653 0.7617647058823529 0.030303030303030304 0.01764705882352941
3 0.36924803591470257 0.7779411764705882 0.024691358024691357 0.016666666666666666
3 0.6425364758698092 0.778921568627451 0.09764309764309764 0.10490196078431373
3 0.5308641975308642 0.7857843137254902 0.09876543209876543 0.10294117647058823
3 0.7306397306397306 0.7906862745098039 0.026936026936026935 0.04215686274509804
3 0.7682379349046016 0.7955882352941176 0.02132435465768799 0.04215686274509804
3 0.4511784511784512 0.8053921568627451 0.026936026936026935 0.04411764705882353
3 0.41358024691358025 0.817156862745098 0.028058361391694726 0.04215686274509804
3 0.6492704826038159 0.8426470588235294 0.0931537598204265 0.05392156862745098
3 0.5432098765432098 0.8450980392156863 0.08978675645342311 0.058823529411764705
3 0.5982042648709316 0.861764705882353 0.02244668911335578 0.03725490196078431
3 0.6021324354657688 0.8897058823529411 0.02132435465768799 0.026470588235294117