3 0.36307519640852975 0.2465686274509804 0.012345679012345678 0.018627450980392157
3 0.37429854096520765 0.24705882352941178 0.012345679012345678 0.013725490196078431
3 0.6088664421997755 0.2549019607843137 0.010101010101010102 0.011764705882352941
3 0.6184062850729517 0.25735294117647056 0.013468013468013467 0.016666666666666666
3 0.4775533108866442 0.36470588235294116 0.05723905723905724 0.0803921568627451
3 0.32098765432098764 0.41862745098039217 0.013468013468013467 0.0196078431372549
3 0.6139169472502806 0.4294117647058823 0.013468013468013467 0.01764705882352941
3 0.3277216610549944 0.43333333333333335 0.015712682379349047 0.021568627450980392
3 0.6049382716049383 0.4470588235294118 0.015712682379349047 0.0196078431372549
2 0.12121212121212122 0.5058823529411764 0.24242424242424243 0.3784313725490196
1 0.6476206509539842 0.5078431372549019 0.3782267115600449 0.5215686274509804
2 0.8827160493827161 0.546078431372549 0.2345679012345679 0.3843137254901961
0 0.4500561167227834 0.6421568627450981 0.020202020202020204 0.00784313725490196
0 0.4876543209876543 0.6436274509803922 0.019079685746352413 0.008823529411764706
0 0.43209876543209874 0.6441176470588236 0.017957351290684626 0.00784313725490196
0 0.4696969696969697 0.6470588235294118 0.016835016835016835 0.00784313725490196
0 0.4152637485970819 0.6475490196078432 0.017957351290684626 0.006862745098039216
0 0.5072951739618407 0.6480392156862745 0.020202020202020204 0.00784313725490196
0 0.4506172839506173 0.6490196078431373 0.019079685746352413 0.00784313725490196
0 0.4882154882154882 0.6514705882352941 0.017957351290684626 0.006862745098039216
0 0.4332210998877666 0.6519607843137255 0.017957351290684626 0.00784313725490196
0 0.4696969696969697 0.6549019607843137 0.016835016835016835 0.00784313725490196
0 0.41470258136924804 0.6553921568627451 0.019079685746352413 0.008823529411764706
0 0.5072951739618407 0.6558823529411765 0.020202020202020204 0.00784313725490196
0 0.45230078563411896 0.6563725490196078 0.017957351290684626 0.008823529411764706
0 0.4882154882154882 0.6588235294117647 0.017957351290684626 0.00784313725490196
0 0.43434343434343436 0.6598039215686274 0.015712682379349047 0.00784313725490196
0 0.5269360269360269 0.6607843137254902 0.016835016835016835 0.00784313725490196
0 0.4702581369248036 0.6627450980392157 0.017957351290684626 0.00784313725490196
0 0.4169472502805836 0.6637254901960784 0.019079685746352413 0.00784313725490196
0 0.5072951739618407 0.6637254901960784 0.020202020202020204 0.00980392156862745
0 0.45230078563411896 0.6651960784313725 0.017957351290684626 0.008823529411764706
0 0.3984287317620651 0.6661764705882353 0.017957351290684626 0.006862745098039216
0 0.489337822671156 0.6666666666666666 0.020202020202020204 0.00784313725490196
0 0.43490460157126826 0.6676470588235294 0.016835016835016835 0.00784313725490196
0 0.38215488215488214 0.6681372549019607 0.019079685746352413 0.006862745098039216
0 0.5269360269360269 0.6691176470588235 0.016835016835016835 0.008823529411764706
0 0.4708193041526375 0.6700980392156862 0.016835016835016835 0.006862745098039216
0 0.5078563411896745 0.6705882352941176 0.016835016835016835 0.00980392156862745
0 0.4186307519640853 0.6715686274509803 0.015712682379349047 0.00784313725490196
0 0.45398428731762064 0.6725490196078432 0.019079685746352413 0.00784313725490196
0 0.4012345679012346 0.6730392156862746 0.016835016835016835 0.006862745098039216
0 0.5443322109988776 0.6730392156862746 0.017957351290684626 0.008823529411764706
0 0.489337822671156 0.6735294117647059 0.017957351290684626 0.00784313725490196
0 0.4371492704826038 0.6740196078431373 0.016835016835016835 0.006862745098039216
0 0.3838383838383838 0.675 0.017957351290684626 0.006862745098039216
0 0.5263748597081931 0.6769607843137255 0.017957351290684626 0.008823529411764706
0 0.4719416386083053 0.6774509803921569 0.016835016835016835 0.00784313725490196
0 0.5084175084175084 0.6784313725490196 0.017957351290684626 0.00784313725490196
0 0.40291806958473625 0.678921568627451 0.017957351290684626 0.008823529411764706
0 0.42031425364758696 0.678921568627451 0.016835016835016835 0.006862745098039216
0 0.4551066217732884 0.6803921568627451 0.019079685746352413 0.00784313725490196
0 0.38608305274971944 0.6808823529411765 0.017957351290684626 0.008823529411764706
0 0.4382716049382716 0.6813725490196079 0.019079685746352413 0.00784313725490196
0 0.489337822671156 0.6813725490196079 0.017957351290684626 0.00784313725490196
0 0.5443322109988776 0.6813725490196079 0.017957351290684626 0.00784313725490196
0 0.5258136924803591 0.6838235294117647 0.016835016835016835 0.008823529411764706
0 0.4214365881032548 0.6848039215686275 0.016835016835016835 0.006862745098039216
0 0.47362514029180697 0.6848039215686275 0.017957351290684626 0.006862745098039216
0 0.5072951739618407 0.6848039215686275 0.020202020202020204 0.008823529411764706
0 0.40404040404040403 0.6872549019607843 0.017957351290684626 0.00784313725490196
0 0.4562289562289562 0.6872549019607843 0.019079685746352413 0.00784313725490196
0 0.489337822671156 0.6882352941176471 0.015712682379349047 0.0058823529411764705
0 0.5437710437710438 0.6882352941176471 0.016835016835016835 0.00784313725490196
0 0.4405162738496072 0.6887254901960784 0.019079685746352413 0.006862745098039216
0 0.3872053872053872 0.6892156862745098 0.017957351290684626 0.0058823529411764705
0 0.5258136924803591 0.6897058823529412 0.016835016835016835 0.008823529411764706
0 0.4214365881032548 0.6916666666666667 0.016835016835016835 0.006862745098039216
0 0.47362514029180697 0.6916666666666667 0.015712682379349047 0.006862745098039216
0 0.5067340067340067 0.6926470588235294 0.016835016835016835 0.006862745098039216
0 0.4046015712682379 0.6936274509803921 0.019079685746352413 0.004901960784313725
0 0.4562289562289562 0.6941176470588235 0.019079685746352413 0.00784313725490196
0 0.5437710437710438 0.6941176470588235 0.016835016835016835 0.00784313725490196
0 0.4393939393939394 0.6946078431372549 0.016835016835016835 0.006862745098039216
0 0.4904601571268238 0.6950980392156862 0.015712682379349047 0.00784313725490196
0 0.3888888888888889 0.6955882352941176 0.019079685746352413 0.008823529411764706
0 0.5258136924803591 0.696078431372549 0.016835016835016835 0.00784313725490196
0 0.42312008978675647 0.6975490196078431 0.017957351290684626 0.006862745098039216
0 0.47474747474747475 0.6985294117647058 0.017957351290684626 0.006862745098039216
0 0.5084175084175084 0.6985294117647058 0.017957351290684626 0.006862745098039216
0 0.37317620650953987 0.6990196078431372 0.016835016835016835 0.0058823529411764705
0 0.4074074074074074 0.6995098039215686 0.020202020202020204 0.006862745098039216
0 0.4562289562289562 0.7009803921568627 0.019079685746352413 0.0058823529411764705
0 0.44107744107744107 0.7014705882352941 0.015712682379349047 0.008823529411764706
0 0.5437710437710438 0.7014705882352941 0.016835016835016835 0.008823529411764706
0 0.39113355780022446 0.7024509803921568 0.016835016835016835 0.006862745098039216
0 0.49158249158249157 0.7024509803921568 0.015712682379349047 0.006862745098039216
0 0.5263748597081931 0.7029411764705882 0.017957351290684626 0.00784313725490196
0 0.42424242424242425 0.703921568627451 0.017957351290684626 0.00784313725490196
0 0.47474747474747475 0.7044117647058824 0.017957351290684626 0.006862745098039216
0 0.3771043771043771 0.7049019607843138 0.017957351290684626 0.00784313725490196
0 0.5084175084175084 0.7053921568627451 0.017957351290684626 0.008823529411764706
0 0.5600448933782267 0.7058823529411765 0.017957351290684626 0.00784313725490196
0 0.45791245791245794 0.7068627450980393 0.017957351290684626 0.00784313725490196
0 0.40852974186307517 0.7073529411764706 0.017957351290684626 0.006862745098039216
0 0.44276094276094274 0.7083333333333334 0.016835016835016835 0.006862745098039216
0 0.49214365881032546 0.7083333333333334 0.016835016835016835 0.006862745098039216
0 0.542648709315376 0.7088235294117647 0.014590347923681257 0.00784313725490196
0 0.39337822671156003 0.7098039215686275 0.016835016835016835 0.00784313725490196
0 0.5252525252525253 0.7098039215686275 0.017957351290684626 0.00784313725490196
0 0.3782267115600449 0.7107843137254902 0.020202020202020204 0.0058823529411764705
0 0.42592592592592593 0.7107843137254902 0.016835016835016835 0.00784313725490196
0 0.47530864197530864 0.7107843137254902 0.016835016835016835 0.0058823529411764705
0 0.5078563411896745 0.7122549019607843 0.016835016835016835 0.006862745098039216
0 0.5600448933782267 0.7122549019607843 0.017957351290684626 0.006862745098039216
0 0.45791245791245794 0.7127450980392157 0.015712682379349047 0.0058823529411764705
0 0.4113355780022447 0.7142156862745098 0.019079685746352413 0.006862745098039216
0 0.542648709315376 0.7142156862745098 0.016835016835016835 0.008823529411764706
0 0.44332210998877664 0.7151960784313726 0.015712682379349047 0.006862745098039216
0 0.49158249158249157 0.7151960784313726 0.015712682379349047 0.004901960784313725
0 0.3950617283950617 0.7166666666666667 0.015712682379349047 0.0058823529411764705
0 0.5258136924803591 0.7166666666666667 0.014590347923681257 0.00784313725490196
0 0.377665544332211 0.717156862745098 0.019079685746352413 0.006862745098039216
0 0.47530864197530864 0.717156862745098 0.016835016835016835 0.006862745098039216
0 0.4264870931537598 0.7176470588235294 0.015712682379349047 0.00784313725490196
0 0.5594837261503928 0.7176470588235294 0.016835016835016835 0.00784313725490196
0 0.5089786756453423 0.7181372549019608 0.016835016835016835 0.006862745098039216
0 0.4590347923681257 0.7191176470588235 0.015712682379349047 0.006862745098039216
0 0.4118967452300786 0.7196078431372549 0.017957351290684626 0.0058823529411764705
0 0.5432098765432098 0.7200980392156863 0.015712682379349047 0.006862745098039216
0 0.49158249158249157 0.721078431372549 0.015712682379349047 0.004901960784313725
0 0.39674523007856344 0.7220588235294118 0.016835016835016835 0.006862745098039216
0 0.44388327721661053 0.7220588235294118 0.016835016835016835 0.006862745098039216
0 0.5269360269360269 0.7225490196078431 0.016835016835016835 0.00784313725490196
0 0.37991021324354657 0.7230392156862745 0.016835016835016835 0.006862745098039216
0 0.47586980920314254 0.7235294117647059 0.015712682379349047 0.0058823529411764705
0 0.4281705948372615 0.7240196078431372 0.014590347923681257 0.006862745098039216
0 0.41301907968574636 0.7245098039215686 0.015712682379349047 0.0058823529411764705
0 0.4601571268237935 0.7245098039215686 0.015712682379349047 0.0058823529411764705
0 0.5594837261503928 0.7245098039215686 0.016835016835016835 0.00784313725490196
0 0.5089786756453423 0.725 0.016835016835016835 0.006862745098039216
0 0.49214365881032546 0.7264705882352941 0.016835016835016835 0.00784313725490196
0 0.5420875420875421 0.7269607843137255 0.015712682379349047 0.006862745098039216
0 0.39674523007856344 0.7284313725490196 0.016835016835016835 0.00784313725490196
0 0.4450056116722783 0.7284313725490196 0.016835016835016835 0.00784313725490196
0 0.38215488215488214 0.7289215686274509 0.019079685746352413 0.006862745098039216
0 0.5258136924803591 0.7289215686274509 0.016835016835016835 0.008823529411764706
0 0.4292929292929293 0.7294117647058823 0.016835016835016835 0.0058823529411764705
0 0.4764309764309764 0.7294117647058823 0.014590347923681257 0.00784313725490196
0 0.4612794612794613 0.7303921568627451 0.015712682379349047 0.00784313725490196
0 0.5589225589225589 0.7303921568627451 0.015712682379349047 0.00784313725490196
0 0.5089786756453423 0.7308823529411764 0.016835016835016835 0.006862745098039216
0 0.41414141414141414 0.7313725490196078 0.015712682379349047 0.00980392156862745
0 0.5420875420875421 0.7318627450980392 0.015712682379349047 0.006862745098039216
0 0.49214365881032546 0.7333333333333333 0.016835016835016835 0.0058823529411764705
0 0.38271604938271603 0.7338235294117647 0.015712682379349047 0.006862745098039216
0 0.3984287317620651 0.7338235294117647 0.015712682379349047 0.004901960784313725
0 0.4287317620650954 0.7348039215686275 0.017957351290684626 0.006862745098039216
0 0.44556677890011226 0.7348039215686275 0.015712682379349047 0.006862745098039216
0 0.4775533108866442 0.7357843137254902 0.016835016835016835 0.006862745098039216
0 0.4618406285072952 0.7362745098039216 0.014590347923681257 0.0058823529411764705
0 0.51010101010101 0.736764705882353 0.019079685746352413 0.006862745098039216
0 0.5263748597081931 0.736764705882353 0.015712682379349047 0.008823529411764706
0 0.558361391694725 0.736764705882353 0.016835016835016835 0.006862745098039216
0 0.41470258136924804 0.7372549019607844 0.016835016835016835 0.00784313725490196
0 0.5415263748597082 0.7382352941176471 0.014590347923681257 0.00784313725490196
0 0.398989898989899 0.7387254901960785 0.014590347923681257 0.004901960784313725
0 0.49214365881032546 0.7387254901960785 0.016835016835016835 0.004901960784313725
0 0.44612794612794615 0.7392156862745098 0.014590347923681257 0.0058823529411764705
0 0.4287317620650954 0.7401960784313726 0.015712682379349047 0.0058823529411764705
0 0.4624017957351291 0.7411764705882353 0.013468013468013467 0.0058823529411764705
0 0.4775533108866442 0.7416666666666667 0.016835016835016835 0.006862745098039216
0 0.5095398428731762 0.7426470588235294 0.017957351290684626 0.006862745098039216
0 0.49214365881032546 0.7431372549019608 0.016835016835016835 0.0058823529411764705
0 0.558361391694725 0.7431372549019608 0.016835016835016835 0.00784313725490196
0 0.5420875420875421 0.7441176470588236 0.015712682379349047 0.00784313725490196
0 0.5269360269360269 0.7455882352941177 0.014590347923681257 0.006862745098039216
0 0.478675645342312 0.8705882352941177 0.122334455667789 0.25882352941176473