0 0.5027662517289073 0.2946768060836502 0.1313969571230982 0.1229404309252218
3 0.4004149377593361 0.3409378960709759 0.015214384508990318 0.015209125475285171
3 0.6044260027662517 0.34157160963244615 0.016597510373443983 0.019011406844106463
3 0.3706777316735823 0.34220532319391633 0.016597510373443983 0.015209125475285171
3 0.6348547717842323 0.34220532319391633 0.016597510373443983 0.017743979721166033
3 0.3533886583679115 0.43789607097591887 0.017980636237897647 0.024081115335868188
3 0.5020746887966805 0.4873257287705957 0.05532503457814661 0.051964512040557666
1 0.5027662517289073 0.491128010139417 0.2918395573997234 0.26489226869455007
2 0.6549100968188105 0.49302915082382764 0.02074688796680498 0.2509505703422053
3 0.6051175656984785 0.638149556400507 0.015214384508990318 0.016476552598225603
3 0.6355463347164592 0.638149556400507 0.015214384508990318 0.019011406844106463
3 0.3686030428769018 0.6387832699619772 0.015214384508990318 0.017743979721166033
3 0.4004149377593361 0.6394169835234474 0.015214384508990318 0.016476552598225603
2 0.5152143845089903 0.6768060836501901 0.1673582295988935 0.11406844106463879