2 0.5401106500691563 0.18757921419518378 0.6154910096818811 0.020278833967046894
2 0.2579529737206086 0.2585551330798479 0.06224066390041494 0.053231939163498096
2 0.26141078838174275 0.3041825095057034 0.06085753803596127 0.048162230671736375
2 0.2641770401106501 0.3472750316856781 0.06085753803596127 0.050697084917617236
2 0.2669432918395574 0.39226869455006336 0.0636237897648686 0.057034220532319393
2 0.34232365145228216 0.44550063371356147 0.08437067773167359 0.41191381495564006
1 0.5477178423236515 0.4917617237008872 0.661134163208852 0.6337135614702155
2 0.7939142461964038 0.4923954372623574 0.15214384508990317 0.5259822560202788
2 0.5615491009681881 0.5044359949302915 0.30982019363762103 0.5247148288973384
2 0.2793914246196404 0.5811153358681875 0.06085753803596127 0.059569074778200254
3 0.31051175656984786 0.6831432192648923 0.07330567081604426 0.06844106463878327