0 0.6687413554633471 0.2915082382762991 0.09266943291839558 0.11660329531051965
3 0.7959889349930843 0.34600760456273766 0.02074688796680498 0.017743979721166033
3 0.3789764868603043 0.3612167300380228 0.058091286307053944 0.08365019011406843
3 0.47925311203319504 0.39923954372623577 0.09266943291839558 0.07351077313054499
0 0.41562932226832644 0.42458808618504434 0.04564315352697095 0.043092522179974654
2 0.46887966804979253 0.48605830164765523 0.6251728907330567 0.3561470215462611
0 0.18810511756569848 0.5 0.022130013831258646 0.046894803548795945
0 0.16666666666666666 0.5012674271229405 0.017980636237897647 0.044359949302915085
0 0.4197786998616874 0.5773130544993663 0.059474412171507604 0.044359949302915085
3 0.6922544951590595 0.6210392902408112 0.017980636237897647 0.020278833967046894
3 0.7959889349930843 0.6565272496831432 0.017980636237897647 0.017743979721166033
2 0.5345781466113416 0.7008871989860583 0.3582295988934993 0.13181242078580482