0 0.4211618257261411 0.28390367553865653 0.029045643153526972 0.02788339670468948
0 0.5442600276625172 0.28517110266159695 0.029045643153526972 0.025348542458808618
3 0.48201936376210236 0.31685678073510776 0.009681881051175657 0.010139416983523447
3 0.47441217150760717 0.3238276299112801 0.011065006915629323 0.008871989860583017
3 0.4896265560165975 0.32509505703422054 0.011065006915629323 0.008871989860583017
3 0.48201936376210236 0.3358681875792142 0.006915629322268326 0.010139416983523447
3 0.3775933609958506 0.3396704689480355 0.008298755186721992 0.010139416983523447
3 0.5982019363762102 0.3396704689480355 0.009681881051175657 0.010139416983523447
3 0.607192254495159 0.3472750316856781 0.008298755186721992 0.010139416983523447
3 0.37206085753803597 0.3485424588086185 0.013831258644536652 0.010139416983523447
3 0.5982019363762102 0.35551330798479086 0.009681881051175657 0.011406844106463879
3 0.3775933609958506 0.3567807351077313 0.011065006915629323 0.011406844106463879
1 0.48616874135546334 0.3840304182509506 0.21991701244813278 0.21292775665399238
3 0.48824343015214383 0.5 0.06639004149377593 0.044359949302915085
0 0.6258644536652835 0.5228136882129277 0.048409405255878286 0.019011406844106463
0 0.3381742738589212 0.5240811153358682 0.04564315352697095 0.019011406844106463
0 0.37413554633471646 0.5329531051964512 0.042876901798063624 0.011406844106463879
0 0.6113416320885201 0.5348542458808618 0.03872752420470263 0.017743979721166033