0 0.5795297372060858 0.3244613434727503 0.008298755186721992 0.043092522179974654
2 0.7489626556016598 0.32953105196451205 0.2641770401106501 0.13434727503168567
0 0.7282157676348547 0.34790874524714827 0.012448132780082987 0.04182509505703422
3 0.6168741355463347 0.3656527249683143 0.030428769017980636 0.05449936628643853
0 0.5 0.3688212927756654 0.009681881051175657 0.043092522179974654
0 0.6597510373443983 0.39480354879594426 0.011065006915629323 0.044359949302915085
0 0.45712309820193636 0.4055766793409379 0.10096818810511757 0.025348542458808618
1 0.6203319502074689 0.4543726235741445 0.24481327800829875 0.23447401774397972
0 0.7793914246196404 0.5069708491761724 0.1479944674965422 0.07097591888466413
0 0.6756569847856155 0.5076045627376425 0.042876901798063624 0.026615969581749048
0 0.632088520055325 0.5392902408111534 0.058091286307053944 0.031685678073510776
2 0.32987551867219916 0.6286438529784537 0.607192254495159 0.36248415716096327