2 0.6562932226832642 0.27122940430925224 0.056708160442600276 0.22306717363751585
3 0.5504840940525588 0.376425855513308 0.008298755186721992 0.0076045627376425855
3 0.5636237897648686 0.38339670468948034 0.012448132780082987 0.0063371356147021544
3 0.5359612724757953 0.3840304182509506 0.012448132780082987 0.0076045627376425855
3 0.5518672199170125 0.38593155893536124 0.008298755186721992 0.011406844106463879
3 0.5656984785615491 0.3884664131812421 0.011065006915629323 0.0063371356147021544
3 0.5006915629322268 0.42015209125475284 0.022130013831258646 0.01394169835234474
3 0.8603042876901799 0.44106463878326996 0.008298755186721992 0.0076045627376425855
3 0.4951590594744122 0.44866920152091255 0.022130013831258646 0.017743979721166033
3 0.8609958506224067 0.44930291508238274 0.009681881051175657 0.0063371356147021544
1 0.6798063623789765 0.4759188846641318 0.355463347164592 0.18631178707224336
2 0.6832641770401107 0.48986058301647656 0.09681881051175657 0.08491761723700887
3 0.5013831258644537 0.4917617237008872 0.02074688796680498 0.015209125475285171
3 0.5656984785615491 0.5069708491761724 0.016597510373443983 0.0076045627376425855
3 0.5387275242047026 0.5101394169835235 0.015214384508990318 0.0063371356147021544
3 0.49446749654218536 0.5152091254752852 0.02074688796680498 0.01394169835234474
3 0.5656984785615491 0.5152091254752852 0.013831258644536652 0.0063371356147021544
3 0.5525587828492393 0.5240811153358682 0.006915629322268326 0.008871989860583017
3 0.5214384508990318 0.5494296577946768 0.008298755186721992 0.008871989860583017
3 0.5366528354080221 0.55893536121673 0.008298755186721992 0.010139416983523447
3 0.8381742738589212 0.5608365019011406 0.008298755186721992 0.008871989860583017
3 0.834716459197787 0.5640050697084917 0.006915629322268326 0.0076045627376425855
2 0.5726141078838174 0.6432192648922687 0.03872752420470263 0.16856780735107732