0 0.491701244813278 0.17743979721166034 0.21715076071922546 0.22053231939163498
3 0.6210235131396957 0.33840304182509506 0.019363762102351315 0.015209125475285171
3 0.38035961272475793 0.3409378960709759 0.019363762102351315 0.017743979721166033
3 0.6383125864453665 0.34600760456273766 0.040110650069156296 0.017743979721166033
3 0.5027662517289073 0.47655259822560203 0.0318118948824343 0.02788339670468948
1 0.5034578146611342 0.4803548795944233 0.26832641770401106 0.2813688212927757
2 0.8603042876901799 0.49619771863117873 0.2793914246196404 0.23954372623574144
2 0.1355463347164592 0.5057034220532319 0.2710926694329184 0.2585551330798479
3 0.6286307053941909 0.6159695817490495 0.02074688796680498 0.020278833967046894
3 0.6507607192254495 0.6159695817490495 0.02627939142461964 0.017743979721166033
3 0.3817427385892116 0.6197718631178707 0.019363762102351315 0.020278833967046894
3 0.6113416320885201 0.6197718631178707 0.019363762102351315 0.012674271229404309
3 0.39764868603042874 0.6223067173637515 0.017980636237897647 0.015209125475285171
0 0.5145228215767634 0.8143219264892269 0.22959889349930843 0.24461343472750316