3 0.4702627939142462 0.3821292775665399 0.0995850622406639 0.046894803548795945
0 0.5159059474412172 0.5183776932826363 0.035961272475795295 0.03802281368821293
0 0.47925311203319504 0.5221799746514575 0.03734439834024896 0.032953105196451206
1 0.5006915629322268 0.5310519645120405 0.24343015214384509 0.26869455006337134
2 0.38035961272475793 0.5456273764258555 0.04149377593360996 0.18124207858048164
0 0.5394190871369294 0.5462610899873257 0.035961272475795295 0.032953105196451206
0 0.5013831258644537 0.5468948035487959 0.03734439834024896 0.031685678073510776
0 0.4640387275242047 0.5525982256020279 0.0318118948824343 0.032953105196451206
0 0.44190871369294604 0.5697084917617237 0.0318118948824343 0.11026615969581749
0 0.5221300138312587 0.5754119138149556 0.034578146611341634 0.035487959442332066
0 0.4854771784232365 0.5785804816223067 0.03319502074688797 0.031685678073510776