0 0.3153526970954357 0.2629911280101394 0.1078838174273859 0.16603295310519645
3 0.37206085753803597 0.3333333333333333 0.027662517289073305 0.022813688212927757
3 0.3457814661134163 0.33460076045627374 0.027662517289073305 0.022813688212927757
3 0.18049792531120332 0.3358681875792142 0.02351313969571231 0.017743979721166033
3 0.1970954356846473 0.3358681875792142 0.02351313969571231 0.020278833967046894
3 0.27800829875518673 0.5247148288973384 0.09681881051175657 0.060836501901140684
1 0.45435684647302904 0.5310519645120405 0.5048409405255878 0.3726235741444867
2 0.5760719225449515 0.5329531051964512 0.2641770401106501 0.3485424588086185
3 0.19017980636237897 0.6761723700887199 0.02074688796680498 0.016476552598225603
3 0.2095435684647303 0.6818757921419518 0.02351313969571231 0.017743979721166033
3 0.35200553250345784 0.7313054499366286 0.02627939142461964 0.017743979721166033
3 0.3775933609958506 0.7395437262357415 0.027662517289073305 0.019011406844106463
2 0.4598893499308437 0.7522179974651457 0.36376210235131395 0.16603295310519645