2 0.6122334455667789 0.33284313725490194 0.4276094276094276 0.061764705882352944
3 0.42368125701459036 0.38529411764705884 0.03479236812570146 0.027450980392156862
3 0.38496071829405165 0.3877450980392157 0.03367003367003367 0.026470588235294117
3 0.7429854096520763 0.39362745098039215 0.04040404040404041 0.059803921568627454
3 0.8512906846240179 0.4181372549019608 0.050505050505050504 0.04411764705882353
0 0.9635241301907969 0.4323529411764706 0.052749719416386086 0.058823529411764705
0 0.8013468013468014 0.04803921568627451 0.3254769921436588 0.09607843137254903
2 0.9764309764309764 0.5348039215686274 0.04713804713804714 0.10098039215686275
0 0.11560044893378227 0.5622549019607843 0.23120089786756454 0.04607843137254902
3 0.6200897867564534 0.5897058823529412 0.030303030303030304 0.04215686274509804
3 0.6195286195286195 0.6294117647058823 0.029180695847362513 0.03529411764705882
2 0.9814814814814815 0.6975490196078431 0.037037037037037035 0.19509803921568628
3 0.3832772166105499 0.821078431372549 0.037037037037037035 0.020588235294117647
3 0.42312008978675647 0.8254901960784313 0.03367003367003367 0.027450980392156862
0 0.8866442199775533 0.8563725490196078 0.22671156004489337 0.08333333333333333