3 0.313969571230982 0.3320659062103929 0.016597510373443983 0.03802281368821293
3 0.6846473029045643 0.335234474017744 0.013831258644536652 0.036755386565272496
3 0.49930843706777317 0.34220532319391633 0.21853388658367912 0.11153358681875793
3 0.6798063623789765 0.3428390367553866 0.009681881051175657 0.008871989860583017
3 0.3243430152143845 0.34347275031685676 0.015214384508990318 0.015209125475285171
3 0.3091286307053942 0.36185044359949303 0.017980636237897647 0.016476552598225603
3 0.6867219917012448 0.3643852978453739 0.015214384508990318 0.019011406844106463
1 0.5006915629322268 0.5101394169835235 0.42047026279391425 0.3485424588086185
2 0.2842323651452282 0.5367553865652726 0.2143845089903181 0.12547528517110265
2 0.7365145228215768 0.5380228136882129 0.19778699861687413 0.13054499366286437
3 0.4951590594744122 0.6875792141951838 0.013831258644536652 0.031685678073510776
2 0.2524204702627939 0.7313054499366286 0.42461964038727523 0.22306717363751585
2 0.7413554633471646 0.7357414448669202 0.4260027662517289 0.22686945500633712