3 0.5767634854771784 0.4512040557667934 0.008298755186721992 0.0076045627376425855
3 0.39349930843706776 0.45183776932826364 0.012448132780082987 0.0063371356147021544
3 0.5836791147994468 0.4524714828897338 0.008298755186721992 0.0076045627376425855
3 0.3893499308437068 0.45373891001267425 0.009681881051175657 0.005069708491761723
2 0.8748271092669433 0.48225602027883396 0.2503457814661134 0.05449936628643853
2 0.11272475795297372 0.4828897338403042 0.22544951590594745 0.050697084917617236
1 0.4854771784232365 0.4879594423320659 0.19640387275242047 0.30671736375158426
3 0.48686030428769017 0.5114068441064639 0.05532503457814661 0.051964512040557666
3 0.58298755186722 0.5329531051964512 0.012448132780082987 0.0063371356147021544
3 0.3893499308437068 0.5335868187579215 0.009681881051175657 0.005069708491761723
3 0.5760719225449515 0.5348542458808618 0.009681881051175657 0.0076045627376425855
3 0.3948824343015214 0.5354879594423321 0.012448132780082987 0.0063371356147021544
3 0.5062240663900415 0.6254752851711026 0.024896265560165973 0.034220532319391636
3 0.46749654218533887 0.6280101394169835 0.027662517289073305 0.034220532319391636
0 0.5345781466113416 0.6457541191381495 0.05394190871369295 0.059569074778200254
0 0.48616874135546334 0.8149556400506971 0.012448132780082987 0.3700887198986058