3 0.4756676557863502 0.2756892230576441 0.012462908011869436 0.022556390977443608
3 0.456973293768546 0.2775689223057644 0.014243323442136498 0.023809523809523808
3 0.4821958456973294 0.2781954887218045 0.011275964391691394 0.022556390977443608
3 0.37388724035608306 0.47117794486215536 0.011869436201780416 0.03007518796992481
3 0.3658753709198813 0.4956140350877193 0.00771513353115727 0.023809523809523808
3 0.3821958456973294 0.5006265664160401 0.011869436201780416 0.023809523809523808
1 0.49287833827893174 0.5093984962406015 0.26409495548961426 0.4448621553884712
3 0.3747774480712166 0.5256892230576441 0.011275964391691394 0.02882205513784461
3 0.615727002967359 0.5300751879699248 0.16083086053412463 0.3258145363408521
3 0.45964391691394657 0.6961152882205514 0.010089020771513354 0.011278195488721804
3 0.4572700296735905 0.7055137844611529 0.013649851632047478 0.022556390977443608
3 0.48189910979228484 0.7086466165413534 0.007121661721068249 0.011278195488721804
3 0.47537091988130564 0.7111528822055138 0.013056379821958458 0.021303258145363407