2 0.3969571230982019 0.2585551330798479 0.20470262793914246 0.07604562737642585
2 0.6203319502074689 0.2598225602027883 0.20885200553250347 0.07858048162230671
2 0.355463347164592 0.29340937896070973 0.23789764868603042 0.07731305449936629
2 0.6168741355463347 0.29594423320659063 0.24343015214384509 0.06717363751584284
1 0.49930843706777317 0.4309252217997465 0.17704011065006917 0.2889733840304182
0 0.40110650069156295 0.514575411913815 0.019363762102351315 0.010139416983523447
0 0.5899031811894883 0.5335868187579215 0.034578146611341634 0.0076045627376425855
0 0.4045643153526971 0.541191381495564 0.0318118948824343 0.012674271229404309
0 0.43568464730290457 0.5754119138149556 0.019363762102351315 0.015209125475285171
0 0.43015214384508993 0.5830164765525983 0.05532503457814661 0.11660329531051965
0 0.5124481327800829 0.5880861850443599 0.03734439834024896 0.015209125475285171
3 0.5138312586445366 0.7015209125475285 0.08713692946058091 0.12040557667934093