0 0.5338865836791148 0.39987325728770595 0.013831258644536652 0.059569074778200254
2 0.24896265560165975 0.43346007604562736 0.1798063623789765 0.10139416983523447
0 0.38381742738589214 0.44930291508238274 0.02074688796680498 0.051964512040557666
0 0.31673582295988933 0.4670468948035488 0.019363762102351315 0.049429657794676805
3 0.26556016597510373 0.4987325728770596 0.005532503457814661 0.0038022813688212928
3 0.2690179806362379 0.5012674271229405 0.006915629322268326 0.0038022813688212928
1 0.4951590594744122 0.526615969581749 0.5421853388658368 0.302915082382763
3 0.23720608575380359 0.5316856780735107 0.006915629322268326 0.0038022813688212928
3 0.23789764868603042 0.5367553865652726 0.005532503457814661 0.0038022813688212928
3 0.31742738589211617 0.6134347275031685 0.006915629322268326 0.005069708491761723
3 0.31742738589211617 0.6191381495564005 0.006915629322268326 0.0038022813688212928
3 0.2821576763485477 0.6400506970849176 0.005532503457814661 0.005069708491761723
3 0.28492392807745504 0.6425855513307985 0.005532503457814661 0.005069708491761723
2 0.5262793914246197 0.6812420785804816 0.32503457814661135 0.23447401774397972