2 0.36099585062240663 0.17237008871989862 0.318118948824343 0.2458808618504436
2 0.7171507607192255 0.20912547528517111 0.34163208852005533 0.26362484157160965
2 0.26556016597510373 0.4049429657794677 0.37621023513139695 0.18631178707224336
2 0.686030428769018 0.4550063371356147 0.4094052558782849 0.20785804816223066
0 0.37413554633471646 0.5082382762991128 0.0318118948824343 0.020278833967046894
2 0.49930843706777317 0.514575411913815 0.2351313969571231 0.20532319391634982
1 0.5020746887966805 0.517743979721166 0.23236514522821577 0.2572877059569075
0 0.6265560165975104 0.5817490494296578 0.05255878284923928 0.015209125475285171
0 0.6265560165975104 0.6128010139416984 0.04979253112033195 0.036755386565272496
3 0.5055325034578146 0.6476552598225602 0.03734439834024896 0.030418250950570342
3 0.4806362378976487 0.6894803548795945 0.07607192254495158 0.09885931558935361