3 0.7609427609427609 0.2549019607843137 0.04938271604938271 0.049019607843137254
3 0.6980920314253648 0.2568627450980392 0.03367003367003367 0.058823529411764705
3 0.4624017957351291 0.25735294117647056 0.04713804713804714 0.05196078431372549
3 0.5325476992143658 0.257843137254902 0.03254769921436588 0.049019607843137254
2 0.11447811447811448 0.33284313725490194 0.22895622895622897 0.04803921568627451
2 0.9079685746352413 0.3799019607843137 0.1840628507295174 0.04215686274509804
0 0.3468013468013468 0.3818627450980392 0.11896745230078563 0.05
0 0.4399551066217733 0.3906862745098039 0.11896745230078563 0.05392156862745098
0 0.5303030303030303 0.39950980392156865 0.10886644219977554 0.05588235294117647
2 0.8759820426487093 0.4122549019607843 0.10886644219977554 0.22058823529411764
2 0.30920314253647585 0.4196078431372549 0.17620650953984288 0.22941176470588234
1 0.5611672278338945 0.42058823529411765 0.3254769921436588 0.24705882352941178
2 0.7665544332210998 0.42549019607843136 0.13019079685746351 0.24901960784313726
2 0.6492704826038159 0.45637254901960783 0.15600448933782268 0.2872549019607843