2 0.3557800224466891 0.3073529411764706 0.19079685746352412 0.2735294117647059
3 0.521324354657688 0.35294117647058826 0.03254769921436588 0.03333333333333333
3 0.44612794612794615 0.35490196078431374 0.03254769921436588 0.03333333333333333
3 0.5864197530864198 0.4107843137254902 0.04377104377104377 0.027450980392156862
3 0.5022446689113356 0.41127450980392155 0.037037037037037035 0.028431372549019607
0 0.8249158249158249 0.44901960784313727 0.2760942760942761 0.17647058823529413
1 0.5207631874298541 0.46225490196078434 0.22895622895622897 0.16176470588235295
2 0.5897867564534232 0.46519607843137256 0.07744107744107744 0.028431372549019607
2 0.49663299663299665 0.46568627450980393 0.07968574635241302 0.0196078431372549
2 0.5937149270482603 0.49558823529411766 0.09427609427609428 0.04411764705882353
0 0.1644219977553311 0.5073529411764706 0.30864197530864196 0.23627450980392156
2 0.4590347923681257 0.5083333333333333 0.04264870931537598 0.04019607843137255
2 0.5493827160493827 0.6176470588235294 0.5173961840628507 0.20980392156862746
0 0.510662177328844 0.6950980392156862 0.017957351290684626 0.06862745098039216
2 0.7008978675645342 0.7308823529411764 0.5218855218855218 0.538235294117647