3 0.45016077170418006 0.6296296296296297 0.01929260450160772 0.06172839506172839
3 0.4807073954983923 0.6697530864197531 0.028938906752411574 0.030864197530864196
3 0.4180064308681672 0.6728395061728395 0.02572347266881029 0.024691358024691357
3 0.4517684887459807 0.7098765432098766 0.01607717041800643 0.06172839506172839
0 0.6864951768488746 0.09567901234567901 0.06109324758842444 0.11728395061728394
3 0.4453376205787781 0.9351851851851852 0.022508038585209004 0.018518518518518517
3 0.4180064308681672 0.9506172839506173 0.012861736334405145 0.024691358024691357
0 0.6270096463022508 0.1574074074074074 0.05787781350482315 0.12962962962962962
3 0.4212218649517685 0.2006172839506173 0.01929260450160772 0.018518518518518517
0 0.7106109324758842 0.20987654320987653 0.05144694533762058 0.1111111111111111
3 0.3971061093247588 0.21296296296296297 0.028938906752411574 0.030864197530864196
3 0.45980707395498394 0.2191358024691358 0.02572347266881029 0.030864197530864196
3 0.432475884244373 0.22530864197530864 0.01607717041800643 0.030864197530864196
0 0.04983922829581994 0.5771604938271605 0.06752411575562701 0.10493827160493827
1 0.41318327974276525 0.5895061728395061 0.6720257234726688 0.7098765432098766
3 0.8665594855305466 0.5895061728395061 0.24758842443729903 0.42592592592592593