3 0.42948038176033937 0.4828897338403042 0.05726405090137858 0.08111533586818757
2 0.7433722163308589 0.4835234474017744 0.20784729586426298 0.3916349809885932
2 0.25556733828207845 0.4841571609632446 0.2014846235418876 0.39543726235741444
1 0.5021208907741251 0.49619771863117873 0.23223753976670203 0.34600760456273766
0 0.5768822905620361 0.523447401774398 0.02332979851537646 0.1520912547528517
0 0.49946977730646874 0.5399239543726235 0.033934252386002124 0.07858048162230671
0 0.5445387062566278 0.5576679340937896 0.032873806998939555 0.07858048162230671
0 0.4544008483563097 0.5595690747782003 0.032873806998939555 0.07731305449936629
0 0.5084835630965006 0.5861850443599493 0.02863202545068929 0.0697084917617237
0 0.47932131495228 0.5956907477820025 0.029692470837751856 0.07858048162230671
0 0.4305408271474019 0.5994930291508238 0.033934252386002124 0.08365019011406843
0 0.5657476139978791 0.6045627376425855 0.032873806998939555 0.08111533586818757
0 0.5201484623541888 0.6089987325728771 0.026511134676564158 0.07731305449936629
0 0.49522799575821846 0.6229404309252218 0.027571580063626724 0.07731305449936629
0 0.4533404029692471 0.6462737642585552 0.032873806998939555 0.07858048162230671
0 0.5445387062566278 0.64702154626109 0.030752916224814422 0.08745247148288973
0 0.500965005302227 0.6653992395437263 0.032873806998939555 0.07858048162230671