3 0.5373443983402489 0.3358681875792142 0.02627939142461964 0.02788339670468948
2 0.35131396957123096 0.34220532319391633 0.09405255878284924 0.10646387832699619
2 0.7344398340248963 0.35868187579214195 0.10511756569847856 0.11406844106463879
1 0.5373443983402489 0.4328263624841572 0.3360995850622407 0.35361216730038025
2 0.2835408022130014 0.45627376425855515 0.2074688796680498 0.10646387832699619
2 0.784923928077455 0.47655259822560203 0.21715076071922546 0.08871989860583017
2 0.30221300138312585 0.5849176172370089 0.25311203319502074 0.15335868187579213
2 0.7551867219917012 0.6089987325728771 0.2572614107883817 0.17363751584283904
2 0.4211618257261411 0.688212927756654 0.20055325034578148 0.22053231939163498
2 0.6182572614107884 0.6977186311787072 0.18810511756569848 0.21926489226869456
0 0.5200553250345782 0.8041825095057035 0.027662517289073305 0.3916349809885932