0 0.43568464730290457 0.3840304182509506 0.024896265560165973 0.015209125475285171
3 0.3478561549100968 0.42712294043092525 0.06224066390041494 0.04055766793409379
0 0.36376210235131395 0.4600760456273764 0.016597510373443983 0.025348542458808618
3 0.7683264177040111 0.49936628643852976 0.015214384508990318 0.012674271229404309
1 0.5110650069156293 0.5107731305449936 0.4633471645919779 0.38276299112801015
3 0.3132780082987552 0.5164765525982256 0.04564315352697095 0.062103929024081114
3 0.7510373443983402 0.5196451204055766 0.013831258644536652 0.015209125475285171
0 0.6639004149377593 0.5481622306717364 0.08298755186721991 0.10519645120405577
3 0.7171507607192255 0.5665399239543726 0.017980636237897647 0.012674271229404309
3 0.7026279391424619 0.5836501901140685 0.019363762102351315 0.011406844106463879
3 0.6770401106500692 0.6185044359949303 0.05394190871369295 0.048162230671736375
3 0.6383125864453665 0.6590621039290241 0.017980636237897647 0.015209125475285171
3 0.6203319502074689 0.6818757921419518 0.017980636237897647 0.015209125475285171
3 0.6099585062240664 0.6989860583016476 0.016597510373443983 0.01394169835234474
3 0.5954356846473029 0.7167300380228137 0.015214384508990318 0.01394169835234474