0 0.39349930843706776 0.30164765525982257 0.05394190871369295 0.2458808618504436
2 0.843015214384509 0.30164765525982257 0.313969571230982 0.20785804816223066
0 0.44467496542185336 0.3517110266159696 0.034578146611341634 0.16856780735107732
1 0.4730290456431535 0.43346007604562736 0.4426002766251729 0.4917617237008872
3 0.5733056708160442 0.5012674271229405 0.02627939142461964 0.031685678073510776
3 0.6009681881051175 0.5095057034220533 0.034578146611341634 0.02788339670468948
3 0.5414937759336099 0.5278833967046895 0.034578146611341634 0.026615969581749048
2 0.09474412171507607 0.5665399239543726 0.18948824343015214 0.23574144486692014
3 0.5933609958506224 0.6070975918884665 0.030428769017980636 0.020278833967046894
3 0.5366528354080221 0.6248415716096325 0.030428769017980636 0.02788339670468948
3 0.5636237897648686 0.6280101394169835 0.02351313969571231 0.029150823827629912