0 0.7097922848664688 0.3201754385964912 0.10682492581602374 0.18671679197994986
0 0.1824925816023739 0.40350877192982454 0.09080118694362017 0.16290726817042606
3 0.5014836795252225 0.4197994987468672 0.10682492581602374 0.06766917293233082
2 0.6225519287833828 0.43107769423558895 0.21839762611275965 0.16290726817042606
2 0.31572700296735906 0.4780701754385965 0.2172106824925816 0.13408521303258145
2 0.38724035608308605 0.5964912280701754 0.09554896142433235 0.10025062656641603
2 0.7053412462908012 0.606516290726817 0.19050445103857566 0.17293233082706766
0 0.3661721068249258 0.6121553884711779 0.058160237388724036 0.11152882205513784
0 0.8011869436201781 0.6547619047619048 0.07596439169139466 0.13408521303258145
1 0.5017804154302671 0.6560150375939849 0.16676557863501484 0.4398496240601504
3 0.48486646884273 0.6697994987468672 0.034421364985163204 0.08395989974937343
3 0.5486646884272997 0.6798245614035088 0.030267062314540058 0.07894736842105263
0 0.4676557863501484 0.7023809523809523 0.018991097922848664 0.023809523809523808
0 0.5626112759643916 0.7211779448621554 0.018991097922848664 0.018796992481203006
3 0.48486646884273 0.8007518796992481 0.03679525222551929 0.07518796992481203
3 0.5477744807121662 0.8070175438596491 0.03323442136498516 0.08521303258145363
0 0.46439169139465875 0.8364661654135338 0.019584569732937686 0.03383458646616541
0 0.5623145400593472 0.849624060150376 0.017210682492581602 0.03759398496240601
0 0.4234421364985163 0.8540100250626567 0.012462908011869436 0.05639097744360902
0 0.5160237388724036 0.8771929824561403 0.00771513353115727 0.03508771929824561
0 0.5029673590504451 0.918546365914787 0.01483679525222552 0.14786967418546365