3 0.5006915629322268 0.49493029150823825 0.005532503457814661 0.0038022813688212928
3 0.508298755186722 0.49493029150823825 0.006915629322268326 0.0063371356147021544
1 0.504149377593361 0.5361216730038023 0.26141078838174275 0.31432192648922685
2 0.7966804979253111 0.541191381495564 0.3623789764868603 0.043092522179974654
2 0.21715076071922546 0.5449936628643853 0.37621023513139695 0.048162230671736375
3 0.4004149377593361 0.5830164765525983 0.006915629322268326 0.005069708491761723
3 0.6078838174273858 0.5830164765525983 0.006915629322268326 0.005069708491761723
3 0.6078838174273858 0.5893536121673004 0.006915629322268326 0.005069708491761723
3 0.4004149377593361 0.5899873257287706 0.006915629322268326 0.0038022813688212928
3 0.5006915629322268 0.6723700887198986 0.005532503457814661 0.0063371356147021544
3 0.5076071922544951 0.6723700887198986 0.005532503457814661 0.0063371356147021544