3 0.5546334716459198 0.43219264892268694 0.008298755186721992 0.0076045627376425855
2 0.1590594744121715 0.4435994930291508 0.2351313969571231 0.045627376425855515
3 0.39349930843706776 0.4461343472750317 0.009681881051175657 0.0076045627376425855
3 0.5712309820193637 0.45627376425855515 0.027662517289073305 0.048162230671736375
0 0.313969571230982 0.4835234474017744 0.11618257261410789 0.15842839036755388
1 0.44398340248962653 0.49049429657794674 0.17704011065006917 0.2889733840304182
3 0.5546334716459198 0.5114068441064639 0.008298755186721992 0.0038022813688212928
3 0.3948824343015214 0.5329531051964512 0.009681881051175657 0.0063371356147021544
2 0.7586445366528354 0.5386565272496832 0.4827109266943292 0.10899873257287707
3 0.5318118948824343 0.5849176172370089 0.02627939142461964 0.034220532319391636
0 0.4405255878284924 0.811787072243346 0.0318118948824343 0.376425855513308