2 0.5482502651113468 0.3637515842839037 0.12513255567338283 0.10899873257287707
0 0.6139978791092259 0.4131812420785805 0.033934252386002124 0.05576679340937896
0 0.4660657476139979 0.4233206590621039 0.041357370095440084 0.05576679340937896
3 0.634676564156946 0.4429657794676806 0.02863202545068929 0.026615969581749048
2 0.37857900318133614 0.5164765525982256 0.2608695652173913 0.15082382762991128
2 0.7295864262990456 0.517743979721166 0.26299045599151644 0.1482889733840304
3 0.573170731707317 0.5316856780735107 0.051961823966065745 0.057034220532319393
1 0.5514316012725344 0.5386565272496832 0.1823966065747614 0.25602027883396705
0 0.4585471898197243 0.5785804816223067 0.04559915164369035 0.057034220532319393
0 0.601898197242842 0.6223067173637515 0.022269353128313893 0.035487959442332066
0 0.563626723223754 0.673637515842839 0.022269353128313893 0.044359949302915085