1 0.5463347164591977 0.41951837769328265 0.6583679114799447 0.6007604562737643
0 0.12171507607192254 0.4556400506970849 0.24343015214384509 0.11026615969581749
0 0.9190871369294605 0.4664131812420786 0.16182572614107885 0.09885931558935361
3 0.2351313969571231 0.6134347275031685 0.03872752420470263 0.053231939163498096
3 0.8499308437067773 0.6140684410646388 0.040110650069156296 0.051964512040557666
3 0.22199170124481327 0.6311787072243346 0.034578146611341634 0.030418250950570342
3 0.8616874135546335 0.632446134347275 0.04149377593360996 0.02788339670468948
0 0.5442600276625172 0.06337135614702155 0.1313969571230982 0.1267427122940431
3 0.20816044260027664 0.6539923954372624 0.04564315352697095 0.035487959442332066
3 0.876210235131397 0.6539923954372624 0.05394190871369295 0.035487959442332066
3 0.25587828492392806 0.6622306717363752 0.035961272475795295 0.036755386565272496
3 0.8298755186721992 0.6653992395437263 0.04149377593360996 0.03802281368821293
3 0.2392807745504841 0.6812420785804816 0.03872752420470263 0.036755386565272496
3 0.8437067773167358 0.6844106463878327 0.035961272475795295 0.035487959442332066
0 0.5435684647302904 0.7642585551330798 0.23236514522821577 0.4714828897338403
3 0.5463347164591977 0.10266159695817491 0.04702627939142462 0.050697084917617236