2 0.3049792531120332 0.32509505703422054 0.31950207468879666 0.2902408111533587
2 0.7012448132780082 0.3282636248415716 0.32088520055325037 0.29404309252217997
3 0.301521438450899 0.4784537389100127 0.011065006915629323 0.034220532319391636
3 0.6991701244813278 0.4835234474017744 0.012448132780082987 0.036755386565272496
3 0.2959889349930844 0.5082382762991128 0.016597510373443983 0.012674271229404309
1 0.49930843706777317 0.5095057034220533 0.44813278008298757 0.4131812420785805
3 0.7040110650069157 0.5120405576679341 0.016597510373443983 0.012674271229404309
3 0.30013831258644535 0.5361216730038023 0.013831258644536652 0.035487959442332066
3 0.6991701244813278 0.5405576679340938 0.012448132780082987 0.036755386565272496
2 0.2966804979253112 0.6939163498098859 0.31950207468879666 0.2953105196451204
2 0.6984785615491009 0.6964512040557668 0.3236514522821577 0.2953105196451204