0 0.5501483679525223 0.2619047619047619 0.07596439169139466 0.14035087719298245
2 0.25370919881305637 0.2744360902255639 0.3590504451038576 0.43358395989974935
3 0.4780415430267062 0.37531328320802004 0.008902077151335312 0.013784461152882205
3 0.48516320474777447 0.38032581453634084 0.005341246290801187 0.011278195488721804
3 0.5510385756676558 0.44110275689223055 0.006528189910979229 0.012531328320802004
1 0.49970326409495547 0.49373433583959897 0.10801186943620178 0.23809523809523808
3 0.5002967359050445 0.49874686716791977 0.011869436201780416 0.03007518796992481
3 0.442433234421365 0.5476190476190477 0.010089020771513354 0.015037593984962405
3 0.44866468842729973 0.556390977443609 0.004747774480712166 0.012531328320802004
3 0.5148367952522255 0.6159147869674185 0.005341246290801187 0.013784461152882205
2 0.7421364985163205 0.7243107769423559 0.3483679525222552 0.44360902255639095
0 0.4513353115727003 0.7393483709273183 0.07418397626112759 0.14285714285714285