3 0.42080378250591016 0.08823529411764706 0.018912529550827423 0.04201680672268908
3 0.44208037825059104 0.8781512605042017 0.02364066193853428 0.058823529411764705
3 0.3959810874704492 0.8865546218487395 0.016548463356973995 0.04201680672268908
3 0.46926713947990545 0.09243697478991597 0.02127659574468085 0.05042016806722689
3 0.4314420803782506 0.9369747899159664 0.016548463356973995 0.07563025210084033
3 0.4373522458628842 0.13445378151260504 0.014184397163120567 0.05042016806722689
3 0.450354609929078 0.04201680672268908 0.016548463356973995 0.05042016806722689
1 0.5354609929078015 0.5210084033613446 0.4326241134751773 0.957983193277311
1 0.19739952718676124 0.5252100840336135 0.24349881796690306 0.9495798319327731
3 0.8226950354609929 0.5714285714285714 0.22695035460992907 0.7058823529411765
3 0.41252955082742315 0.8277310924369747 0.01182033096926714 0.058823529411764705