3 0.2330567081604426 0.1679340937896071 0.02627939142461964 0.034220532319391636
3 0.6562932226832642 0.16920152091254753 0.029045643153526972 0.036755386565272496
3 0.2033195020746888 0.1964512040557668 0.027662517289073305 0.022813688212927757
3 0.6832641770401107 0.1964512040557668 0.024896265560165973 0.022813688212927757
3 0.17496542185338865 0.2224334600760456 0.03734439834024896 0.024081115335868188
3 0.7157676348547718 0.22433460076045628 0.03734439834024896 0.022813688212927757
2 0.9239280774550485 0.22813688212927757 0.15214384508990317 0.19011406844106463
2 0.03250345781466114 0.24524714828897337 0.06500691562932227 0.155893536121673
3 0.2869986168741355 0.28517110266159695 0.048409405255878286 0.045627376425855515
3 0.5885200553250346 0.2864385297845374 0.048409405255878286 0.045627376425855515
1 0.44744121715076074 0.4138149556400507 0.640387275242047 0.5868187579214195
3 0.29045643153526973 0.5595690747782003 0.04979253112033195 0.044359949302915085
3 0.5857538035961273 0.5595690747782003 0.048409405255878286 0.04182509505703422
2 0.03941908713692946 0.5830164765525983 0.07883817427385892 0.15716096324461343
2 0.9142461964038727 0.5975918884664132 0.1715076071922545 0.19138149556400508
3 0.7116182572614108 0.6089987325728771 0.03734439834024896 0.024081115335868188
3 0.1839557399723375 0.6102661596958175 0.03872752420470263 0.024081115335868188
3 0.677731673582296 0.6356147021546261 0.024896265560165973 0.024081115335868188
3 0.21230982019363762 0.6368821292775665 0.02627939142461964 0.024081115335868188
3 0.24204702627939143 0.6603295310519645 0.022130013831258646 0.032953105196451206
3 0.6521438450899032 0.6609632446134347 0.02627939142461964 0.036755386565272496