2 0.7918395573997233 0.3605830164765526 0.31950207468879666 0.21419518377693283
3 0.470954356846473 0.40874524714828897 0.12863070539419086 0.10012674271229405
3 0.6016597510373444 0.4550063371356147 0.011065006915629323 0.012674271229404309
3 0.5394190871369294 0.4664131812420786 0.011065006915629323 0.012674271229404309
3 0.47372060857538034 0.5152091254752852 0.012448132780082987 0.011406844106463879
1 0.553941908713693 0.517743979721166 0.25864453665283543 0.26489226869455007
0 0.6286307053941909 0.5437262357414449 0.034578146611341634 0.025348542458808618
3 0.4730290456431535 0.5506970849176173 0.011065006915629323 0.008871989860583017
0 0.5442600276625172 0.5811153358681875 0.03734439834024896 0.034220532319391636
0 0.6313969571230982 0.6191381495564005 0.012448132780082987 0.008871989860583017
0 0.6161825726141079 0.6254752851711026 0.012448132780082987 0.008871989860583017
0 0.6244813278008299 0.6273764258555133 0.012448132780082987 0.010139416983523447
2 0.21853388658367912 0.6280101394169835 0.3983402489626556 0.23447401774397972
0 0.6085753803596127 0.6330798479087453 0.013831258644536652 0.008871989860583017