3 0.49893955461293743 0.3732572877059569 0.1007423117709438 0.11280101394169835
1 0.5015906680805938 0.5031685678073511 0.29692470837751855 0.15716096324461343
2 0.5137857900318133 0.5050697084917617 0.5185577942735949 0.031685678073510776
3 0.5805938494167551 0.6089987325728771 0.05832449628844114 0.07224334600760456
0 0.49151643690349944 0.6305449936628644 0.022269353128313893 0.09505703422053231
0 0.5349946977730647 0.6311787072243346 0.018027571580063628 0.09378960709759189
0 0.5159066808059385 0.6330798479087453 0.02863202545068929 0.10012674271229405
0 0.4077412513255567 0.6337135614702155 0.022269353128313893 0.10139416983523447
0 0.4268292682926829 0.6343472750316856 0.02863202545068929 0.10773130544993663
0 0.4517497348886532 0.6343472750316856 0.02332979851537646 0.10012674271229405
0 0.47030752916224816 0.6375158428390367 0.015906680805938492 0.09632446134347275
0 0.5699893955461294 0.7053231939163498 0.01166489925768823 0.15082382762991128