3 0.24204702627939143 0.24524714828897337 0.019363762102351315 0.019011406844106463
1 0.47579529737206083 0.30925221799746516 0.47579529737206083 0.4841571609632446
0 0.09336099585062241 0.3517110266159696 0.12309820193637622 0.0697084917617237
0 0.8568464730290456 0.3719898605830165 0.12586445366528354 0.0697084917617237
3 0.4654218533886584 0.4847908745247148 0.13416320885200553 0.11533586818757921
3 0.4654218533886584 0.05449936628643853 0.02351313969571231 0.025348542458808618
3 0.4827109266943292 0.05449936628643853 0.019363762102351315 0.022813688212927757
3 0.49930843706777317 0.057034220532319393 0.022130013831258646 0.020278833967046894
0 0.20470262793914246 0.6666666666666666 0.08298755186721991 0.043092522179974654
0 0.7219917012448133 0.6761723700887199 0.08298755186721991 0.03929024081115336
3 0.48201936376210236 0.08301647655259822 0.017980636237897647 0.024081115335868188