2 0.7514029180695847 0.27205882352941174 0.38496071829405165 0.26372549019607844
2 0.6195286195286195 0.3088235294117647 0.16835016835016836 0.11960784313725491
3 0.42536475869809204 0.43137254901960786 0.008978675645342313 0.011764705882352941
3 0.3939393939393939 0.43333333333333335 0.01122334455667789 0.013725490196078431
3 0.43490460157126826 0.4392156862745098 0.007856341189674524 0.011764705882352941
3 0.5168350168350169 0.44019607843137254 0.007856341189674524 0.00980392156862745
3 0.5067340067340067 0.44509803921568625 0.010101010101010102 0.011764705882352941
1 0.468013468013468 0.44754901960784316 0.16161616161616163 0.18529411764705883
3 0.4691358024691358 0.4534313725490196 0.03367003367003367 0.030392156862745098
3 0.5465768799102132 0.45588235294117646 0.008978675645342313 0.00980392156862745
3 0.4388327721661055 0.47352941176470587 0.03367003367003367 0.029411764705882353
3 0.49551066217732886 0.47843137254901963 0.03254769921436588 0.029411764705882353
3 0.46352413019079686 0.4970588235294118 0.03367003367003367 0.03333333333333333
3 0.4270482603815937 0.5009803921568627 0.010101010101010102 0.00784313725490196
3 0.4983164983164983 0.5078431372549019 0.008978675645342313 0.00980392156862745
3 0.4169472502805836 0.5088235294117647 0.010101010101010102 0.00784313725490196
3 0.3995510662177329 0.509313725490196 0.006734006734006734 0.006862745098039216
2 0.32491582491582494 0.5098039215686274 0.1335578002244669 0.10784313725490197
3 0.5067340067340067 0.5166666666666667 0.010101010101010102 0.0058823529411764705
3 0.4057239057239057 0.5176470588235295 0.007856341189674524 0.00784313725490196
3 0.5246913580246914 0.5220588235294118 0.007856341189674524 0.006862745098039216
3 0.5162738496071829 0.5279411764705882 0.008978675645342313 0.006862745098039216
2 0.21548821548821548 0.6284313725490196 0.3344556677890011 0.25098039215686274