0 0.40235690235690236 0.23431372549019608 0.0707070707070707 0.11176470588235295
0 0.6273849607182941 0.2411764705882353 0.0920314253647587 0.12156862745098039
0 0.3557800224466891 0.28088235294117647 0.1122334455667789 0.09901960784313725
0 0.622895622895623 0.28774509803921566 0.10774410774410774 0.09509803921568627
1 0.5044893378226711 0.48627450980392156 0.3468013468013468 0.4
2 0.4118967452300786 0.5034313725490196 0.16161616161616163 0.35784313725490197
2 0.5836139169472503 0.5102941176470588 0.19079685746352412 0.3558823529411765
0 0.36924803591470257 0.725 0.03591470258136925 0.246078431372549
0 0.6380471380471381 0.7338235294117647 0.03254769921436588 0.23431372549019608
0 0.47418630751964086 0.792156862745098 0.028058361391694726 0.2607843137254902
0 0.49607182940516276 0.817156862745098 0.15488215488215487 0.3656862745098039