2 0.4612724757952974 0.2541191381495564 0.2697095435684647 0.23447401774397972
2 0.7420470262793915 0.3929024081115336 0.24204702627939143 0.23067173637515842
0 0.3278008298755187 0.4188846641318124 0.06085753803596127 0.036755386565272496
3 0.48201936376210236 0.4664131812420786 0.20885200553250347 0.18757921419518378
1 0.5338865836791148 0.4740177439797212 0.3623789764868603 0.3320659062103929
2 0.28769017980636236 0.5126742712294043 0.21853388658367912 0.2420785804816223
0 0.7496542185338866 0.5342205323193916 0.07745504840940526 0.07224334600760456
3 0.6307053941908713 0.5424588086185045 0.024896265560165973 0.025348542458808618
3 0.5622406639004149 0.5792141951837769 0.02627939142461964 0.025348542458808618
3 0.5836791147994468 0.5963244613434727 0.03319502074688797 0.029150823827629912
3 0.5532503457814661 0.6032953105196451 0.03319502074688797 0.030418250950570342
0 0.3755186721991701 0.6305449936628644 0.07607192254495158 0.0697084917617237
2 0.5816044260027663 0.6673003802281369 0.25864453665283543 0.1964512040557668
0 0.578838174273859 0.6679340937896071 0.10650069156293222 0.13434727503168567