0 0.4239280774550484 0.23067173637515842 0.09820193637621023 0.08365019011406843
0 0.30774550484094054 0.23574144486692014 0.015214384508990318 0.017743979721166033
0 0.5781466113416321 0.25475285171102663 0.013831258644536652 0.015209125475285171
1 0.4211618257261411 0.4917617237008872 0.3029045643153527 0.6666666666666666
3 0.3748271092669433 0.5183776932826363 0.058091286307053944 0.06844106463878327
0 0.24550484094052558 0.5304182509505704 0.040110650069156296 0.2674271229404309
0 0.6991701244813278 0.5468948035487959 0.27800829875518673 0.5462610899873257
3 0.3706777316735823 0.6958174904942965 0.06085753803596127 0.06337135614702155
0 0.27800829875518673 0.7370088719898605 0.013831258644536652 0.016476552598225603
0 0.28907330567081607 0.7370088719898605 0.013831258644536652 0.01394169835234474
0 0.5843706777316736 0.738276299112801 0.012448132780082987 0.01394169835234474