3 0.44219977553310885 0.2950980392156863 0.026936026936026935 0.0196078431372549
0 0.25869809203142535 0.3926470588235294 0.2547699214365881 0.11470588235294117
3 0.6296296296296297 0.4284313725490196 0.031425364758698095 0.021568627450980392
2 0.9023569023569024 0.45931372549019606 0.19528619528619529 0.11274509803921569
1 0.6301907968574635 0.509313725490196 0.7396184062850729 0.5519607843137255
3 0.957351290684624 0.5215686274509804 0.020202020202020204 0.013725490196078431
3 0.2890011223344557 0.5308823529411765 0.02356902356902357 0.020588235294117647
3 0.9607182940516273 0.5495098039215687 0.017957351290684626 0.014705882352941176
2 0.1526374859708193 0.6362745098039215 0.26038159371492703 0.08627450980392157
3 0.43490460157126826 0.7024509803921568 0.025813692480359147 0.024509803921568627
0 0.8731762065095399 0.8181372549019608 0.051627384960718295 0.09901960784313725