3 0.4460580912863071 0.27629911280101394 0.02627939142461964 0.03802281368821293
3 0.4605809128630705 0.2870722433460076 0.027662517289073305 0.019011406844106463
2 0.8091286307053942 0.2991128010139417 0.3817427385892116 0.21799746514575413
0 0.2268326417704011 0.320659062103929 0.3070539419087137 0.09378960709759189
3 0.6984785615491009 0.33079847908745247 0.022130013831258646 0.035487959442332066
3 0.49930843706777317 0.3333333333333333 0.035961272475795295 0.050697084917617236
3 0.7081604426002767 0.34220532319391633 0.027662517289073305 0.020278833967046894
3 0.3008298755186722 0.34600760456273766 0.0318118948824343 0.043092522179974654
3 0.5677731673582296 0.41508238276299114 0.02351313969571231 0.03929024081115336
0 0.830567081604426 0.4803548795944233 0.338865836791148 0.20532319391634982
1 0.4979253112033195 0.5114068441064639 0.4066390041493776 0.43219264892268694
0 0.43291839557399725 0.7046894803548795 0.11341632088520055 0.07858048162230671
3 0.5200553250345782 0.729404309252218 0.024896265560165973 0.031685678073510776
3 0.48201936376210236 0.7484157160963245 0.0318118948824343 0.026615969581749048
2 0.22959889349930843 0.7648922686945501 0.45919778699861685 0.47021546261089986