3 0.44451038575667656 0.2619047619047619 0.010682492581602374 0.022556390977443608
3 0.4201780415430267 0.26629072681704263 0.011869436201780416 0.02631578947368421
3 0.44985163204747775 0.2706766917293233 0.01543026706231454 0.02506265664160401
3 0.42937685459940655 0.2719298245614035 0.013649851632047478 0.02506265664160401
3 0.38724035608308605 0.5018796992481203 0.012462908011869436 0.03634085213032581
1 0.45578635014836794 0.5031328320802005 0.3632047477744807 0.4598997493734336
3 0.37270029673590505 0.5269423558897243 0.014243323442136498 0.02631578947368421
3 0.4020771513353116 0.5350877192982456 0.017210682492581602 0.02756892230576441
3 0.6724035608308605 0.5401002506265664 0.15311572700296736 0.2957393483709273
3 0.38783382789317505 0.5588972431077694 0.013649851632047478 0.03007518796992481
3 0.4240356083086053 0.6973684210526315 0.013649851632047478 0.023809523809523808
3 0.4507418397626113 0.7048872180451128 0.016023738872403562 0.021303258145363407
3 0.4308605341246291 0.7086466165413534 0.011869436201780416 0.02631578947368421