0 0.5754769921436588 0.28921568627450983 0.06958473625140292 0.03137254901960784
3 0.6144781144781145 0.3980392156862745 0.019079685746352413 0.0196078431372549
3 0.6363636363636364 0.4034313725490196 0.026936026936026935 0.024509803921568627
3 0.5078563411896745 0.453921568627451 0.012345679012345678 0.00784313725490196
3 0.5948372615039281 0.46568627450980393 0.01122334455667789 0.00784313725490196
3 0.5493827160493827 0.47205882352941175 0.014590347923681257 0.006862745098039216
1 0.6397306397306397 0.49950980392156863 0.3344556677890011 0.18333333333333332
2 0.24859708193041527 0.515686274509804 0.38271604938271603 0.22156862745098038
3 0.5493827160493827 0.5245098039215687 0.012345679012345678 0.0058823529411764705
3 0.5072951739618407 0.528921568627451 0.01122334455667789 0.006862745098039216
3 0.5937149270482603 0.5450980392156862 0.013468013468013467 0.00784313725490196