0 0.4557399723374827 0.3231939163498099 0.02074688796680498 0.07097591888466413
0 0.46887966804979253 0.3377693282636248 0.019363762102351315 0.04182509505703422
3 0.5221300138312587 0.4550063371356147 0.012448132780082987 0.020278833967046894
3 0.5020746887966805 0.4695817490494297 0.019363762102351315 0.01394169835234474
3 0.5414937759336099 0.4708491761723701 0.02074688796680498 0.008871989860583017
2 0.16874135546334718 0.5348542458808618 0.33748271092669435 0.04055766793409379
2 0.8526970954356846 0.5348542458808618 0.2946058091286307 0.03802281368821293
1 0.520746887966805 0.5361216730038023 0.22544951590594745 0.2332065906210393
3 0.5027662517289073 0.5741444866920152 0.02074688796680498 0.012674271229404309
3 0.5428769017980636 0.5741444866920152 0.02074688796680498 0.012674271229404309
3 0.5228215767634855 0.5887198986058302 0.013831258644536652 0.021546261089987327
3 0.5221300138312587 0.6419518377693283 0.09266943291839558 0.03929024081115336