2 0.3136498516320475 0.325187969924812 0.2795252225519288 0.24937343358395989
3 0.4982195845697329 0.34147869674185466 0.006528189910979229 0.023809523809523808
3 0.49317507418397627 0.34461152882205515 0.010682492581602374 0.017543859649122806
3 0.5543026706231454 0.38596491228070173 0.005934718100890208 0.020050125313283207
3 0.49970326409495547 0.40225563909774437 0.010682492581602374 0.03258145363408521
0 0.5700296735905045 0.4041353383458647 0.06943620178041543 0.06140350877192982
3 0.44510385756676557 0.42105263157894735 0.00830860534124629 0.02506265664160401
3 0.43887240356083085 0.42857142857142855 0.012462908011869436 0.017543859649122806
3 0.5017804154302671 0.4774436090225564 0.006528189910979229 0.02756892230576441
1 0.5002967359050445 0.5056390977443609 0.11275964391691394 0.31203007518796994
3 0.4821958456973294 0.6134085213032582 0.01483679525222552 0.021303258145363407
0 0.42077151335311574 0.6597744360902256 0.07833827893175074 0.16666666666666666
2 0.7474777448071217 0.7418546365914787 0.39228486646884275 0.40601503759398494