0 0.502956081081081 0.3055555555555556 0.17989864864864866 0.3228228228228228
0 0.4345439189189189 0.4677177177177177 0.021114864864864864 0.03153153153153153
0 0.5692567567567568 0.4692192192192192 0.02364864864864865 0.03153153153153153
3 0.5063344594594594 0.5548048048048048 0.01097972972972973 0.016516516516516516
3 0.4987331081081081 0.5555555555555556 0.009290540540540541 0.018018018018018018
3 0.48859797297297297 0.5585585585585585 0.0059121621621621625 0.015015015015015015
3 0.5143581081081081 0.56006006006006 0.006756756756756757 0.015015015015015015
2 0.21368243243243243 0.5608108108108109 0.41385135135135137 0.22072072072072071
2 0.7909628378378378 0.5645645645645646 0.41638513513513514 0.21621621621621623
1 0.4995777027027027 0.5668168168168168 0.20861486486486486 0.22672672672672672
3 0.5067567567567568 0.5720720720720721 0.010135135135135136 0.015015015015015015
3 0.4983108108108108 0.5728228228228228 0.010135135135135136 0.013513513513513514