3 0.6201171875 0.4044069993519119 0.00439453125 0.007777057679844459
3 0.64599609375 0.4154244977316915 0.013671875 0.01101749837977965
2 0.72509765625 0.42968243681140633 0.244140625 0.12637718729747247
1 0.4296875 0.5003240440699935 0.47509765625 0.31950745301360983
3 0.65869140625 0.559300064808814 0.01708984375 0.023331173039533377
3 0.35498046875 0.5716137394685677 0.00732421875 0.008425145819831496
3 0.35205078125 0.5832793259883344 0.00732421875 0.009721322099805573
3 0.62939453125 0.6053143227478938 0.00927734375 0.007128969539857421
3 0.63134765625 0.6176279974076474 0.01025390625 0.010369410239792612
3 0.603515625 0.6254050550874919 0.0068359375 0.01101749837977965
3 0.6083984375 0.6286454957874271 0.005859375 0.012961762799740765
2 0.69775390625 0.7867790019442644 0.18017578125 0.35839274141283217
2 0.36328125 0.20090732339598186 0.16650390625 0.2864549578742709
0 0.44091796875 0.2845106934543098 0.02294921875 0.1542449773169151
3 0.62744140625 0.3953337653920933 0.005859375 0.011665586519766688