0 0.49453125 0.1763888888888889 0.0953125 0.07314814814814814
0 0.5221354166666666 0.26435185185185184 0.09010416666666667 0.1787037037037037
0 0.5609375 0.2712962962962963 0.046875 0.1962962962962963
0 0.43411458333333336 0.2726851851851852 0.06510416666666667 0.2361111111111111
0 0.6005208333333333 0.3523148148148148 0.08333333333333333 0.07314814814814814
0 0.5265625 0.41712962962962963 0.09166666666666666 0.16018518518518518
1 0.5002604166666667 0.5351851851851852 0.09947916666666666 0.37962962962962965
2 0.62421875 0.5847222222222223 0.16197916666666667 0.1712962962962963
2 0.3190104166666667 0.6731481481481482 0.28802083333333334 0.2462962962962963
0 0.5372395833333333 0.6976851851851852 0.04635416666666667 0.04351851851851852
3 0.5059895833333333 0.7546296296296297 0.025520833333333333 0.027777777777777776