2 0.4755244755244755 0.27439024390243905 0.26173826173826176 0.4024390243902439
2 0.33466533466533466 0.31029810298102983 0.0899100899100899 0.2899728997289973
0 0.6353646353646354 0.40176151761517614 0.0959040959040959 0.17479674796747968
0 0.5994005994005994 0.47628726287262874 0.14385614385614387 0.1991869918699187
1 0.547952047952048 0.5440379403794038 0.4225774225774226 0.32113821138211385
0 0.45254745254745254 0.5562330623306233 0.17182817182817184 0.1802168021680217
0 0.7352647352647352 0.5718157181571816 0.12787212787212787 0.1842818428184282
0 0.6118881118881119 0.6504065040650406 0.14885114885114886 0.15176151761517614
2 0.26173826173826176 0.6598915989159891 0.23376623376623376 0.4932249322493225
3 0.7552447552447552 0.6808943089430894 0.07192807192807193 0.09349593495934959
0 0.4905094905094905 0.6951219512195121 0.10789210789210789 0.1842818428184282
0 0.6283716283716284 0.7628726287262872 0.10789210789210789 0.15447154471544716