0 0.4088541666666667 0.3819444444444444 0.06354166666666666 0.16018518518518518
2 0.6184895833333334 0.39675925925925926 0.1578125 0.1675925925925926
3 0.46953125 0.4 0.0109375 0.020370370370370372
3 0.45703125 0.41435185185185186 0.011979166666666667 0.017592592592592594
1 0.49270833333333336 0.49675925925925923 0.15208333333333332 0.26944444444444443
2 0.5114583333333333 0.5166666666666667 0.04375 0.20185185185185187
0 0.5638020833333334 0.5180555555555556 0.0453125 0.11018518518518519
2 0.434375 0.5685185185185185 0.026041666666666668 0.1425925925925926
3 0.44088541666666664 0.5856481481481481 0.016145833333333335 0.025
3 0.5403645833333334 0.5875 0.011979166666666667 0.019444444444444445
0 0.5848958333333333 0.6134259259259259 0.053125 0.1398148148148148