2 0.9127604166666666 0.16435185185185186 0.0453125 0.1787037037037037
2 0.8708333333333333 0.19027777777777777 0.041666666666666664 0.1712962962962963
2 0.2359375 0.20787037037037037 0.065625 0.33240740740740743
2 0.28072916666666664 0.26851851851851855 0.04895833333333333 0.2814814814814815
0 0.7794270833333333 0.3287037037037037 0.033854166666666664 0.11296296296296296
1 0.8572916666666667 0.3476851851851852 0.052083333333333336 0.08055555555555556
0 0.31666666666666665 0.3648148148148148 0.04895833333333333 0.1574074074074074
0 0.8096354166666667 0.3921296296296296 0.018229166666666668 0.06018518518518518
2 0.8994791666666667 0.4064814814814815 0.034375 0.1388888888888889
2 0.86640625 0.43657407407407406 0.0328125 0.15462962962962962
1 0.2838541666666667 0.4527777777777778 0.07916666666666666 0.07592592592592592
0 0.40651041666666665 0.4888888888888889 0.028645833333333332 0.10555555555555556
0 0.88125 0.49675925925925923 0.04895833333333333 0.16018518518518518
0 0.3151041666666667 0.5398148148148149 0.026041666666666668 0.07777777777777778
2 0.19453125 0.7106481481481481 0.0859375 0.4027777777777778
2 0.25286458333333334 0.7138888888888889 0.0640625 0.3425925925925926