2 0.399609375 0.26319444444444445 0.18671875 0.3819444444444444
0 0.48984375 0.34097222222222223 0.0078125 0.1736111111111111
2 0.591796875 0.3423611111111111 0.12734375 0.2263888888888889
0 0.42265625 0.3798611111111111 0.090625 0.1875
3 0.53359375 0.46041666666666664 0.0171875 0.03194444444444444
1 0.5046875 0.4930555555555556 0.1015625 0.1638888888888889
0 0.387109375 0.5013888888888889 0.14765625 0.044444444444444446
0 0.581640625 0.53125 0.09140625 0.034722222222222224
0 0.467578125 0.5409722222222222 0.11796875 0.2152777777777778
0 0.55 0.6458333333333334 0.0921875 0.18611111111111112
0 0.485546875 0.6965277777777777 0.00859375 0.2625
2 0.6125 0.6986111111111111 0.184375 0.3416666666666667
2 0.363671875 0.7166666666666667 0.24453125 0.4166666666666667