0 0.5059895833333333 0.34074074074074073 0.0671875 0.13148148148148148
0 0.496875 0.3902777777777778 0.0375 0.10277777777777777
3 0.4317708333333333 0.4046296296296296 0.011458333333333333 0.014814814814814815
2 0.5046875 0.425 0.09166666666666666 0.05925925925925926
1 0.484375 0.5064814814814815 0.17708333333333334 0.2111111111111111
2 0.48671875 0.5120370370370371 0.0734375 0.12037037037037036
3 0.4041666666666667 0.513425925925926 0.011458333333333333 0.017592592592592594
3 0.63125 0.5162037037037037 0.0125 0.030555555555555555
3 0.6395833333333333 0.5282407407407408 0.014583333333333334 0.019444444444444445
3 0.6260416666666667 0.549537037037037 0.014583333333333334 0.026851851851851852
3 0.6317708333333333 0.5625 0.014583333333333334 0.026851851851851852
2 0.49453125 0.5800925925925926 0.07864583333333333 0.06018518518518518
0 0.5984375 0.611574074074074 0.028125 0.05277777777777778
0 0.4354166666666667 0.6509259259259259 0.06458333333333334 0.17407407407407408